12.7330652330504
20.9960375112562
27.3975323072667
38.7503657192042
54.5592742240596
56.9656013712235
64.5190384622792
64.9498648615494
70.1927843681414
71.6786476132953
77.9095132958135
90.3921087344613
105.475134326726
113.717152988106
126.726463828353
131.046484964156
131.183299805279
131.876302148678
136.96758472647
144.018641960732
144.200207038508
145.910128586064
146.916911065387
151.173023356266
158.33369634776
161.222815751044
163.200224942429
165.144069803461
169.598868201602
178.363998833214
192.835680569713
199.315499395568
210.531955741742
216.086173938298
218.599176935529
223.389815593349
229.293004792219
231.087179249667
233.609801964931
236.078837451467
239.695334617184
243.833791644165
244.536493937236
245.534619336482
249.322649370945
266.887503466837
272.452331415273
275.266561261259
276.411668695167
286.57688117241
292.988264005203
293.01418664828
297.038318087418
300.757300531507
302.206425546573
304.830219436988
305.530596520296
308.517486542244
313.978724896653
314.092519027651
314.313250843832
321.321300507147
325.430827504932
329.730899389681
333.724173575545
338.326091518501
340.628256349802
357.187485055398
369.553222984033
373.35115189229
373.807857492507
374.110008997808
375.371930237355
381.016154561049
384.135908736228
388.925630725436
390.646207039486
391.287834381025
392.783625314724
409.245873230159
409.556414981879
412.180999567864
420.75497993085
422.35399236375
422.39460912908
423.568636949432
429.218496986025
430.957213478427
431.965643245381
440.751502691484
445.91265670257
458.666171421312
459.296492522221
462.25601025093
476.894762166999
478.461880105782
492.985820950337
496.840173689067
508.625059480352
511.462031427955
511.696647438879
511.7757561851
518.951588630813
524.450155308567
526.118816417914
530.389855512234
532.781334763127
541.0207143063939
544.619238941314
546.798813904036
549.793097208557
563.768884862634
569.377270420907
572.992932256984
576.436571116703
578.496123125605
581.656996104899
586.651327388334
598.348670249589
598.65375585969
601.355272515382
602.643890276978
608.195906328062
609.178199150441
611.234603845942
630.424696404753
634.886041556111
641.69230321741
645.129987728377
655.29451993722
656.725817527986
672.594703708139
686.70510971463
687.181861129005
694.047110990331
696.725472809932
710.597199089008
718.709049195465
721.34320487561
722.510373765841
733.970301883014
740.789160271713
742.099366451245
742.594612583934
745.854394062873
763.714085820338
769.287839327999
775.771480943945
777.993851690168
784.914740679498
787.965094322848
792.00647089977
793.213785025712
807.295438650417
809.832188158193
826.535954413215
832.229614292985
832.448030982268
835.045169735776
845.958174135975
855.532161606933
874.48773549707
884.563342724351
890.781997209285
897.302286987491
904.165857954165
910.267548329605
921.249808303841
923.416102822401
929.42604746205
929.488623078038
936.024700573588
944.640944948938
948.212752957399
954.611547209644
955.306798064174
968.509055672285
971.781553352665
983.089308415827
995.063111472772
1002.54025540986
1009.89569562116
1025.10240280543
1033.27553306044
1036.53149314924
1043.68372180765
1045.6061318604
1046.57361625353
1049.48520520634
1057.55106726051
1058.29832962065
1062.81181705733
1064.69993582665
1066.88490825261
1067.84983479718
1070.14004151729
1070.18699983289
1072.13856564122
1072.35404157291
1078.15025587053
1087.92618071799
1105.56265138119
1108.68077836871
1110.38381680163
1122.95856737325
1137.27773658346
1139.91620333106
1156.56534617354
1163.48115956744
1166.82948126421
1171.54536200323
1172.62582910395
1174.30613804394
1186.82662531826
1188.15739380234
1205.11483549874
1209.50491317731
1210.30565084061
1210.97412034599
1215.05408898149
1218.90161680228
1220.996244719
1229.59966668224
1234.64391617024
1235.49707748798
1240.32221590478
1240.76679692377
1247.6237665152
1249.51177158255
1252.13038214909
1253.53327503105
1267.02211487289
1282.58918033363
1284.06373712581
1286.01795676099
1290.93087593079
1296.21067119233
1299.39783331596
1300.28262574328
1303.54369094671
1305.29010033792
1306.60899216479
1306.63960063253
1306.69387342679
1315.27348998071
1317.50381701565
1317.77543162112
1318.77989234063
1321.069000596551
1322.04283470328
1323.7727508106
1325.23612608888
1339.02462187346
1344.7474843581
1344.86011138565
1346.19871964102
1348.73710373463
1349.37770643904
1353.39822091803
1353.88735534058
1354.30720987744
1354.81158368506
1358.28605670269
1362.32509427407
1370.4144331287
1371.33214421932
1381.45599787936
1385.44588652869
1386.36565230516
1390.38621757842
1396.58034187615
1403.55855218312
1404.161372387
1404.50855117705
1408.35685932453
1411.32623592876
1411.86681119263
1417.57467307456
1418.54471803438
1422.11663161837
1424.31616989727
1430.80264873917
1433.06656996028
1435.52846912024
1440.62936008806
1442.67776841086
1451.11004512474
1457.12966927125
1459.34186612292
1459.63892308487
1461.06970334763
1468.29171178479
1472.80337626417
1476.03150571466
1477.08313636026
1482.81140165129
1485.9401829848
1486.50153240505
1492.74826499926
1494.29399914036
1495.1827216088
1503.92941664856
1505.22944555249
1505.27553119664
1522.3315943024
1523.54692402453
1537.63218635607
1538.02300303564
1545.20803579298
1546.76545282799
1555.0086784166
1558.20431361278
1561.21977200778
1561.45051790947
1563.856328974
1573.10153759454
1574.00525787387
1579.02956966179
1579.71252240764
1579.88023220965
1581.3784363163
1593.86981125457
1596.8752004123
1602.85764036228
1603.44733367556
1604.59826481697
1607.71548682531
1608.3886179255
1628.45659008383
1629.63052855797
1633.57721543088
1648.88383205603
1648.90695608917
1649.63825726517
1653.3974185623
1653.84481801112
1661.42791612931
1678.4301583655
1682.26574553097
1685.94447202848
1695.89413132325
1724.48075427671
1726.27287948399
1726.58915868719
1729.64939486937
1730.38382067045
1733.03154639873
1734.06324119754
1736.23882488617
1743.57399156355
1748.89006284837
1750.09089784531
1755.48167466793
1757.23945006807
1765.11425881074
1768.95276100811
1775.13923122253
1775.26027247342
1776.62612938634
1783.03197532946
1784.94354000349
1789.4037203777
1793.7349652163
1811.01897563742
1813.88339433933
1814.79487715558
1819.95428954895
1823.73674217892
1827.13247501996
1837.22624777329
1837.77687895371
1842.27938154679
1850.41738232831
1853.57334189292
1864.85939464915
1866.51315296102
1868.8654529785
1871.368019602
1875.02370755441
1885.47159624164
1893.6206219266
1900.77968269455
1919.19840810352
1920.29895822025
1930.01610742818
1932.3354246993
1934.29458547252
1935.66518098026
1941.8990684973
1946.05161187804
1973.09154932596
1973.10688738759
1986.18080286325
1994.09989854425
2004.04948801838
2010.58507044741
2010.7138291728
2011.06893907963
2014.06363429256
2019.18035534135
2023.13828890657
2026.08869598872
2029.21223022697
2034.60481627467
2044.408228893
2053.7550444975
2062.57038940182
2071.75206229335
2075.18579328986
2082.72479675138
2083.2148154993
2089.56099439779
2089.81805789197
2091.23972890301
2092.42669665617
2093.4793422935
2105.98454626289
2106.94862881336
2108.13389834225
2113.20289918082
2113.8366180955
2118.86141458652
2125.43939988007
2131.94766821215
2132.31958005782
2135.3102604134
2137.90527219489
2141.54795659261
2145.33568338632
2148.94420628318
2151.47434471873
2152.82931912907
2153.11222789621
2154.04631878247
2155.08172824902
2165.98999557834
2171.04486566011
2188.55049922647
2188.83629163612
2199.80815477172
2199.87618599454
2201.84757453904
2214.61719687105
2224.94639184308
2226.45717689426
2236.518314849
2245.61196426809
2246.60037664155
2268.49885709392
2272.64620722039
2284.99664020453
2287.41508784568
2313.43553631477
2315.83665831566
2317.13001239599
2321.29162319326
2322.00538790319
2322.69591764324
2326.51829867163
2328.29635175928
2334.41298993448
2338.44822813577
2340.30693879953
2349.82762120649
2350.23804360291
2354.1354375764
2357.84333508534
2358.82460003957
2358.92434048926
2366.25821699998
2373.75654673441
2379.67732052097
2380.50225861666
2386.86064843158
2389.57080211714
2392.04395359162
2395.52645608065
2399.27075893213
2399.64382223223
2409.53402731184
2419.85747079568
2420.60955640558
2426.97211999095
2434.82334336433
2438.85234807961
2441.55534635631
2445.13563847444
2446.84667555901
2448.58209966078
2448.66136243067
2451.04863274825
2458.07722353976
2458.70970126726
2458.96265521987
2461.21880255857
2464.35437629428
2465.36278669085
2470.63686292283
2471.9999341586
2486.09686191979
2506.30226014392
2507.98191756424
2511.67084657792
2515.007566693
2515.12895433664
2520.11961115029
2527.88232095608
2529.58431052215
2530.02536762503
2533.42294709394
2540.49713129445
2545.2759743793
2548.55049833843
2551.38472889835
2554.36476590018
2556.88020578974
2566.45707022934
2568.07000548126
2572.84374898717
2576.39345973842
2580.81663994228
2581.03858544606
2581.20237971148
2599.31256821613
2599.87403310906
2600.33449844801
2602.61292450104
2604.56499563833
2605.90632429152
2622.35521181826
2623.8795815833
2625.87479692943
2629.80670472834
2633.10615490163
2634.24036281075
2646.8284984097
2647.80968348226
2648.80669952473
2652.97855024593
2658.43413770056
2672.92975409021
2674.82661696304
2675.76889357585
2675.85153927895
2680.32035728156
2694.82692943598
2695.76910262517
2696.01958850976
2696.86437140477
2698.62669978275
2701.060106744687
2707.32727712947
2711.74078180612
2719.44095984275
2724.99508437943
2725.29120432713
2726.50112764802
2736.24106030687
2740.32502630446
2744.47587967454
2752.4233450186
2752.82159546047
2753.64162836471
2760.11688158007
2760.15406079683
2764.20612477098
2766.18942713261
2766.50155294693
2768.4949818804
2769.15025014491
2784.48994211725
2786.95374789045
2790.74768252706
2793.04378345729
2799.27162566967
2804.73244319776
2813.94497789755
2821.32331442569
2822.77547420105
2824.07795023757
2826.01531586636
2829.81872122729
2830.47434383311
2834.50428336444
2843.35104802069
2844.01027336732
2845.77789296175
2846.57254081207
2847.21149579688
2847.24862363928
2849.76863245046
2857.34522666117
2860.22374434541
2862.77978691975
2866.98250391111
2869.8791004588
2877.09803736652
2879.53442777365
2885.43376107064
2887.69512713835
2888.86633826003
2897.23896607032
2903.9571775296
2917.41723825101
2921.78549252894
2927.15193253216
2929.56994705073
2937.83171381815
2941.01304073961
2941.23879842801
2943.80578809595
2944.26344610157
2949.06467491708
2960.4072862129
2967.67769476407
2968.28792961959
2972.91146008261
2974.57757391574
2975.08248403631
2987.07233187393
2989.46923581132
2991.36065696294
2991.53835685178
2991.6689819714
2991.98615368688
3001.49292721837
3003.13531529921
3006.27968175487
3017.77531423253
3021.81818602632
3027.14615950245
3031.74486082234
3031.87900190229
3032.75172376812
3033.06544467887
3042.14658393738
3042.34791547497
3045.0221542021
3047.7100856392
3049.92666438499
3051.99890481658
3055.37694153155
3055.93564650872
3057.95191430566
3058.0869417285
3060.09444482234
3061.26656654707
3070.65397525519
3077.80372526699
3078.0264670281
3083.55940980767
3085.76849246878
3087.78539990111
3088.96467789152
3098.74315108199
3099.22508026253
3099.23706014998
3103.44040676337
3106.67759637405
3112.52738251907
3126.78273220623
3131.23356088822
3132.18728694347
3133.93668474637
3133.93682771948
3135.00523806306
3135.0287991502
3136.199474824
3137.27560278679
3140.99022696457
3143.78434854304
3145.8037351371
3160.39537112449
3161.4903971902
3169.06815158404
3170.69178036286
3173.78833603839
3174.77288569725
3184.10588429398
3184.58719312435
3185.33791141321
3185.95304478214
3186.54468957676
3188.0086272557
3191.15803916192
3191.92548136204
3201.35514256376
3202.18424379323
3202.70609527424
3205.08507382462
3207.55551687871
3212.24165342333
3215.33658747513
3221.75092692178
3223.46505424363
3223.95831780296
3224.30193790941
3226.82039465936
3236.53204077321
3241.46450229239
3248.56459230535
3250.72231168849
3256.77738680907
3257.21506537233
3257.59904400805
3266.22993101755
3268.66311329894
3270.01023929498
3273.42005830272
3278.73377621002
3281.26349299118
3283.06605792152
3285.05143112633
3290.5956910896
3291.43812509102
3292.55924807325
3293.21230765098
3295.58543907389
3297.75077407128
3300.9629481482
3304.69281109436
3305.37393945997
3314.35106387717
3318.95524357315
3322.91751462035
3335.24396923815
3347.25420958108
3352.40337143293
3352.83234477866
3359.50579509463
3361.72886644105
3365.23358434372
3368.1727421311
3370.75392764758
3370.772908863
3374.0122349002
3385.47375298771
3388.18034417859
3392.08563290628
3400.28750692428
3404.20586434523
3404.38940059499
3423.50858072083
3423.63205901642
3427.10712299778
3429.20995651847
3430.40592443958
3431.10682266322
3434.13455662614
3439.07876353555
3440.87231587964
3446.74285908743
3448.80261815092
3452.5313214004
3452.97696019484
3457.21707018247
3465.78275357608
3474.67453607122
3482.8396226711
3493.10970269243
3494.66732507595
3494.87233634777
3501.19187081611
3509.89766535818
3541.89587294
3542.17026456637
3545.24996437
3547.89995940883
3555.72874813119
3557.19092292426
3557.55984498412
3560.16046280777
3562.55816855799
3563.30662897769
3568.087237988
3570.2279526199
3572.29388802267
3584.17881046236
3585.46482683927
3592.85872948636
3594.73854698017
3595.71501492862
3598.67049081891
3599.6034966456
