3.3672278869358
11.5526259680527
12.6929324363765
23.38803056935
25.0591942094876
25.4575471729003
38.0789269428821
38.0910003453439
38.7661963527262
47.593632263
54.6584848603794
56.4529675124139
65.9616737041046
68.3895598118541
76.6487720696655
77.9755473518627
82.6894485962047
84.8123997715148
92.5607126468324
93.8230570422045
99.4649125966975
101.655986652898
105.702478841246
107.107115901
127.20438433473
139.735977213396
164.88399867086
165.21933071119
166.565047520445
168.015156038866
174.883694086668
175.081453805617
183.716929018163
188.768050789274
189.922362767808
191.175190012963
192.9756252359
193.065817054098
198.451973400663
209.879873540432
219.91378687952
220.94272188901
221.362361200781
228.519265705674
235.920265828968
247.917880604139
268.207230548595
283.949368113458
289.884045647765
290.313134356518
292.161273709534
294.860547062181
296.655142511692
302.870694995441
303.394145744615
303.725802840784
312.953660353696
315.168053330311
317.83113169407
325.369541741063
326.826090909099
329.19354180921
332.544083383921
332.700351081611
340.054070655059
343.437447162375
347.282120006864
348.770661889175
350.750383444781
359.78095766327
363.72372072997
368.90845559213
368.990998670287
370.414086018914
371.964903903317
374.294302140875
382.487868771597
384.910063288123
399.031038374583
402.1662047159
406.855307824543
410.471570052906
412.520221068726
414.127930025658
415.853023963307
417.502373168165
420.37178257451
420.83601272677
427.603526164773
428.918253448439
446.660470189266
448.737079814616
456.810392757499
463.795823724105
465.901126795132
466.73703743292
468.112479395474
471.218418229467
472.825003283705
474.708269634759
481.0547440710617
490.234782200219
494.176300121487
502.035635173023
502.796052223557
503.192246844561
503.912932069989
504.635427906945
506.678684668754
509.928718746539
509.971358571951
512.371382193091
516.254327014821
519.101337000023
527.325853550033
530.32924089252
541.159679415817
544.776109038021
550.48585037918
566.986945968591
569.261430597515
589.448315969736
603.1872338072
606.826126666036
607.485608816462
618.476444497499
629.818981766547
646.877667257418
647.652239592767
649.819171880082
659.608517759607
676.522759556656
679.990674529721
681.617954031803
687.086113563067
689.649415277897
691.90813395577
693.683143153428
694.211244363729
694.595336719074
700.357884975458
711.225514478881
715.105789788502
723.515405439062
724.842529136483
730.242994632459
733.149785221005
734.355918776241
738.38866197295
751.483013364495
752.346551207524
757.59818871302
766.037106868147
769.876577937082
771.97898398869
772.787396288626
777.626628875308
785.929466526006
786.614681958055
793.539247495378
795.577617501773
796.694820330371
801.431539120749
806.752278237983
810.512222873291
810.929704830374
812.508568546308
818.48140792542
819.728135730017
822.99176039006
826.39027569018
828.976571229941
831.041969796653
832.611711934793
834.05884461573
834.859423005306
842.483624212097
850.622706620677
855.041364002267
855.193395158252
856.892297955224
864.521728233429
882.564921759832
883.262960538714
891.316850925075
892.311493569209
895.995731346619
904.235265329363
905.356249602321
906.488450773826
906.5208683144
911.154605752787
928.773916418823
930.295977034292
939.192545381771
949.000345454172
965.987969124616
982.558965341987
984.502854805564
984.77645831003
988.070274600771
989.189998687867
999.142320472991
1000.42755388581
1002.24410190809
1007.22935418104
1007.40910699595
1008.18395241601
1008.74331983456
1009.22867014337
1016.46511204198
1028.16302900045
1040.4526511085
1042.55341254922
1043.46095563623
1044.83641441585
1048.98743158478
1053.8055597243
1060.1599133809
1060.60500122578
1066.6253802196
1067.58316116074
1068.12024897632
1070.94484105573
1073.44472921099
1075.56461371985
1086.39227966458
1091.94515627829
1102.40880643185
1103.72989552587
1105.88181687181
1109.64160336468
1110.99011591816
1111.96550458415
1119.46534192217
1123.23877164022
1123.30193115844
1130.68927382446
1133.46237892092
1137.59285456307
1144.84367315772
1151.55305967019
1154.4843456496
1158.09128153533
1165.65930588195
1188.92277475916
1191.51162747569
1195.74010326414
1197.39838905393
1198.75226584346
1205.34078445112
1206.47503247443
1213.40423813236
1220.86078731831
1226.58995201336
1228.30959421097
1235.80467925876
1240.24153929603
1240.54109699457
1248.18670710637
1257.22811557167
1259.99992147485
1261.057242628685
1263.32969587765
1271.07143464387
1274.11382060126
1281.06265295778
1282.86183793022
1286.07489570388
1289.59868437755
1293.70026321659
1300.41113338408
1300.7188201066
1304.84973202649
1307.29639827608
1307.63568620759
1326.26070316188
1329.3048305791
1332.82066634663
1335.50319828573
1336.30425256655
1339.43270914811
1341.28118466144
1341.86025063506
1348.37515024265
1354.26590058951
1354.53525730703
1357.99455950707
1359.4725296869
1359.99312329669
1362.264971329
1371.69439479748
1377.78718591486
1378.12651626485
1381.38601993204
1392.35348486768
1392.69332337149
1393.34074964874
1406.06977186456
1406.76211444049
1415.29513745003
1417.35835417608
1425.64324393366
1446.45251149096
1446.47957713237
1447.96116686007
1449.95582031754
1453.78670688343
1456.30761951281
1457.44672623091
1458.55583324716
1463.98640454144
1466.39055675503
1466.57949633935
1468.51469410054
1469.69183889676
1485.75203153718
1485.95098723838
1486.79939016053
1487.49070059723
1492.24334125491
1495.68821476924
1504.23243662754
1505.23936925257
1506.35646222671
1512.58897606741
1514.00714861271
1514.92400601164
1524.95403322603
1536.23868653661
1537.7690662856
1538.41279816299
1544.47517172062
1545.33000620309
1546.18697239029
1547.59202448162
1551.60154983755
1552.57888625053
1553.03569753431
1562.24425885846
1569.72448335485
1574.68496085561
1586.98923139434
1589.30458577958
1591.29921421916
1594.49838272315
1598.52824167792
1601.60572454012
1602.90908138183
1606.73802796844
1612.56355108636
1615.42980259174
1623.33853681595
1623.61843022611
1630.11969728877
1634.63886237667
1640.59188003214
1643.13968572791
1647.90888687684
1650.65159030696
1654.40538913293
1654.94037783667
1656.64084649922
1659.35229519903
1664.86222388329
1668.49502229404
1670.59387194398
1671.44509298999
1672.85134884583
1680.70230722263
1691.35534177436
1692.62945930457
1695.13798523737
1696.35321220903
1714.0537312937
1716.0352401198
1718.6322155776
1719.37506695698
1722.20551496953
1723.51168823751
1729.06767890072
1737.27789229487
1740.48032230766
1742.45082716188
1743.59328132787
1746.04502916935
1747.46582704307
1754.25971759814
1756.31870839725
1757.27400484025
1758.08488510155
1765.7773688777
1767.01216116484
1768.48272306895
1776.27287395857
1778.21614949448
1778.80846023434
1822.16989175503
1825.80794237408
1839.48249819001
1842.83600602142
1843.62749391458
1844.93328771362
1846.2810092022
1853.46512614294
1853.84984119997
1856.69852500056
1874.48356411483
1875.90705043424
1876.38771824981
1890.47581204858
1895.29443756241
1904.53428963315
1914.91746525353
1917.12381199716
1920.03191198014
1923.61871755028
1925.90187077097
1929.44596049256
1932.14794948292
1941.45537706596
1945.8956301572
1953.60084318747
1953.70885817529
1959.23421303665
1961.79147996169
1961.83930649368
1965.26064573117
1983.42046062151
1984.28917955301
1985.97315264679
1991.53694843898
1991.80681784025
1994.93187552149
1998.26351942837
2000.53235290547
2000.68897480175
2006.06988854093
2007.35756154226
2012.87981938187
2023.58995535083
2027.73750439454
2027.7413912552
2034.16000487425
2034.59359430388
2036.58939834932
2048.07066433375
2050.96753224074
2073.68189635504
2074.29445232421
2079.48466451947
2082.43138124032
2083.53660658927
2088.06415145168
2096.21674684323
2098.88686486978
2100.00098517628
2104.36459069741
2114.10193108555
2116.32996686295
2120.54459270011
2122.9540339178
2126.73752928355
2129.99989501171
2132.8047648843
2150.61330391054
2152.49272742372
2156.27019805375
2160.11400565388
2160.95413459067
2169.22687487918
2170.19962077382
2171.03865989825
2180.48364766149
2183.14213662811
2188.56155146843
2209.63301239271
2210.92871211326
2238.41155605175
2239.28816729632
2250.28139866865
2251.52931487818
2256.86344456566
2264.81465125749
2267.08642711
2270.39368975281
2271.50463910887
2274.55695663717
2275.59381448695
2289.48989415804
2300.14629737075
2302.45036919219
2307.64226483869
2311.17141339291
2313.67230780851
2317.38823650229
2319.92858682729
2323.12208656642
2324.14541856858
2327.70392978548
2332.37061856792
2335.84094863881
2342.2842626993
2342.89119643947
2343.04779607839
2347.1370663951
2355.6651038545
2357.23447165141
2357.47432019934
2358.08682340723
2358.43342307614
2359.89569868608
2371.66641667087
2372.74604874585
2376.7079507851
2378.80324035562
2378.91174662458
2388.65735966153
2402.0959097308
2402.50567596018
2415.53719377322
2416.45520504834
2417.86214558929
2420.1665347575
2430.42050316473
2430.94742636629
2441.30384529964
2447.86328590667
2458.1249399203
2463.93265953798
2477.37182899423
2486.81850622846
2492.3484213478
2496.04850737182
2505.09091982134
2508.75291982739
2509.0457787243
2509.43989276812
2513.77801718594
2518.33664307534
2518.76861333658
2522.61845883597
2523.60647587179
2523.7368378049
2529.17800030771
2532.05109954213
2541.25973027908
2570.59151184259
2575.78713417891
2577.44499903375
2585.65750025938
2587.58354865181
2597.98520539994
2603.22055544945
2604.34828271869
2608.59750733424
2611.22691235879
2623.35335079164
2626.91335485455
2628.33280125826
2629.38116491881
2629.45933615766
2630.87587236908
2634.32144486971
2638.29530300782
2639.05273685718
2645.19736227683
2647.34313312704
2649.17854831178
2652.77908840457
2665.01203719592
2669.0869502843
2669.63008071774
2670.13152433109
2672.23476878215
2674.81373352181
2678.15268786702
2686.44140323071
2691.09771849367
2694.76693843976
2695.45126274805
2707.39883126267
2715.17258632783
2721.52705828063
2721.65191026437
2736.70601101156
2741.76515614442
2742.78678289172
2743.29241481715
2745.78465593387
2746.61241072669
2748.00506495488
2748.51200197519
2754.57899612051
2761.57349520981
2781.89532405553
2783.63760586485
2783.66260625118
2784.47693946971
2790.18633951516
2793.24648063248
2793.29494245653
2800.75636646289
2801.07195987263
2802.41259076595
2806.92299526907
2808.34426495802
2808.72084741154
2816.42477889522
2821.52578188766
2822.20759878912
2822.2596949679
2824.108485573
2826.21059410363
2836.1332830571
2837.37721943781
2837.59907619395
2840.95504332002
2842.69796896087
2843.40313336265
2851.20149562796
2851.2464829917
2865.3968027409
2868.83994586459
2871.91037470082
2885.12761757601
2898.05098434997
2900.35396306008
2904.8914837737
2906.82823450539
2908.95671369658
2908.97582971501
2915.05477115157
2917.95713520931
2919.64750986048
2923.7167089324
2927.53597581819
2927.80938986389
2933.20662722635
2938.26815912721
2938.50158211235
2942.93231618976
2947.03262381119
2949.65195615548
2951.63160003629
2953.79925666626
2957.3325035466
2973.26903854747
2979.07675870531
2993.62740676144
2997.12285861912
3000.18685937562
3000.91837828454
3002.77828820244
3009.66708983072
3012.68244068984
3020.43621318379
3022.66791515302
3038.06710310113
3045.34243442468
3048.52186193391
3068.12633674412
3068.37824564289
3068.50965252898
3081.58975523854
3097.37168256146
3108.09013090771
3108.14147317129
3109.45604360656
3115.56705241636
3120.45601384318
3122.22987196772
3122.82456223698
3125.35056932959
3130.05430247641
3130.22812282326
3134.72214216291
3135.30365926983
3136.40516812807
3145.19159689689
3145.22987025412
3150.91295485271
3174.6875285787
3175.8673964395
3179.3567835521
3181.19285109042
3181.59055662745
3197.25784214246
3197.84286219187
3204.76566818404
3204.98205293096
3205.78467789075
3212.27558773464
3212.85130811496
3216.19291469676
3223.30282174846
3225.37399739144
3229.63671089551
3234.15306359149
3234.51753264159
3236.79942861645
3237.64195668692
3250.75915977369
3264.31231781719
3264.6697324738
3269.10846203065
3274.25917000507
3276.53129288313
3276.88902600825
3296.95528424072
3304.96477277653
3305.67696474724
3306.28523435816
3307.22137053557
3311.13850244176
3318.43608660251
3321.05568845511
3333.44070181716
3334.62559111703
3345.57134772989
3346.96528928172
3356.01553044977
3357.66640719179
3361.74633927328
3367.35870122809
3375.31178721605
3379.77827961345
3380.1713088358
3380.17761375976
3387.49698985254
3398.35789621828
3399.17153316555
3401.61434191038
3415.55545407443
3417.14308193567
3417.57758308564
3436.16294894754
3437.20325276723
3437.25396667452
3438.27604134102
3450.18854005525
3455.8562523955
3456.18040583294
3458.02447326936
3471.498022575
3474.11685967655
3474.30284833369
3474.42582900997
3477.64032291404
3488.20104267697
3492.34133570978
3496.84063067643
3497.18647464316
3498.93517808859
3513.8798813938
3517.6268156121
3517.75923358728
3525.01519461069
3525.45740669093
3525.71570334858
3539.34724545897
3540.08734793646
3542.35120520665
3545.97043525225
3548.41148735064
3551.78956338596
3553.01488655836
3554.25122578184
3556.96830403986
3557.62369636955
3560.46237128747
3561.40252214349
3561.94300558081
3567.17204538222
3569.94670714533
3571.56952906254
3572.9904058446
3574.04265260489
3575.82714015356
3576.94589229382
3579.492383456
3588.53435800707
3589.19978687548
3592.93678634804
3598.09627203915
