3.3672278869358
38.7661963527262
82.6894485962047
127.20438433473
139.735977213396
183.716929018163
198.451973400663
247.917880604139
302.870694995441
326.826090909099
343.437447162375
348.770661889175
363.72372072997
370.414086018914
374.294302140875
414.127930025658
420.83601272677
446.660470189266
465.901126795132
468.112479395474
481.0547440710617
506.678684668754
527.325853550033
589.448315969736
646.877667257418
676.522759556656
689.649415277897
694.211244363729
715.105789788502
730.242994632459
738.38866197295
757.59818871302
772.787396288626
785.929466526006
793.539247495378
818.48140792542
834.05884461573
864.521728233429
904.235265329363
906.5208683144
982.558965341987
1000.42755388581
1028.16302900045
1053.8055597243
1070.94484105573
1091.94515627829
1111.96550458415
1133.46237892092
1154.4843456496
1198.75226584346
1226.58995201336
1259.99992147485
1286.07489570388
1304.84973202649
1332.82066634663
1341.86025063506
1359.4725296869
1377.78718591486
1446.45251149096
1456.30761951281
1469.69183889676
1504.23243662754
1524.95403322603
1546.18697239029
1569.72448335485
1598.52824167792
1623.33853681595
1647.90888687684
1668.49502229404
1695.13798523737
1737.27789229487
1756.31870839725
1776.27287395857
1822.16989175503
1844.93328771362
1874.48356411483
1904.53428963315
1920.03191198014
1929.44596049256
1945.8956301572
1961.79147996169
1985.97315264679
1998.26351942837
2012.87981938187
2034.59359430388
2074.29445232421
2098.88686486978
2120.54459270011
2150.61330391054
2169.22687487918
2209.63301239271
2239.28816729632
2267.08642711
2300.14629737075
2323.12208656642
2342.89119643947
2357.47432019934
2371.66641667087
2378.91174662458
2402.50567596018
2447.86328590667
2508.75291982739
2523.7368378049
2577.44499903375
2608.59750733424
2629.45933615766
2645.19736227683
2669.0869502843
2691.09771849367
2721.52705828063
2746.61241072669
2783.63760586485
2800.75636646289
2821.52578188766
2837.59907619395
2871.91037470082
2900.35396306008
2915.05477115157
2927.80938986389
2947.03262381119
2993.62740676144
3009.66708983072
3048.52186193391
3108.09013090771
3122.82456223698
3145.22987025412
3204.98205293096
3229.63671089551
3250.75915977369
3276.53129288313
3304.96477277653
3318.43608660251
3346.96528928172
3367.35870122809
3380.1713088358
3401.61434191038
3437.25396667452
3458.02447326936
3474.42582900997
3496.84063067643
3513.8798813938
3525.45740669093
3542.35120520665
3557.62369636955
3569.94670714533
3574.04265260489
3588.53435800707
