1	21	0
16	39	0
22	20	0
29	40	0
31	0	0
31	9	0
41	11	0
42	11	0
45	8	0
52	9	0
53	2	0
55	10	0
58	41	0
59	20	0
62	28	0
68	39	0
69	20	0
72	9	0
77	31	0
80	36	0
86	35	0
88	15	0
92	34	0
94	18	0
103	8	0
116	0	0
125	10	0
134	20	0
136	31	0
138	39	0
141	36	0
147	14	0
147	26	0
147	39	0
151	10	0
152	8	0
163	20	0
165	36	0
170	35	0
174	20	0
179	38	0
179	43	0
183	8	0
191	34	0
202	24	0
215	8	0
217	39	0
226	8	0
226	11	0
237	31	0
239	22	0
249	8	0
261	9	0
264	42	0
289	9	0
307	35	0
320	9	0
321	11	0
328	40	0
333	0	0
333	9	0
339	9	0
347	8	0
376	8	0
379	8	0
388	24	0
401	9	0
402	8	0
408	25	0
423	9	0
423	22	0
435	15	0
444	7	0
450	11	0
452	0	0
455	8	0
473	9	0
477	35	0
487	9	0
505	20	0
510	29	0
514	8	0
527	8	0
535	0	0
535	23	0
537	10	0
549	19	0
550	10	0
552	10	0
555	1	0
555	21	0
556	28	0
562	19	0
564	28	0
565	8	0
568	0	0
574	9	0
578	44	0
597	20	0
597	25	0
618	9	0
620	0	0
623	9	0
627	11	0
627	29	0
628	31	0
629	28	0
630	10	0
630	29	0
636	9	0
642	44	0
663	25	0
664	20	0
666	4	0
667	8	0
669	9	0
695	10	0
696	39	0
700	11	0
701	23	0
702	8	0
703	21	0
704	35	0
707	11	0
707	30	0
707	31	0
723	11	0
734	26	0
735	18	0
739	8	0
746	9	0
760	11	0
766	10	0
772	29	0
778	8	0
808	31	0
825	39	0
831	24	0
834	2	0
845	8	0
881	31	0
898	9	0
903	37	0
912	0	0
924	42	0
932	9	0
936	9	0
937	39	0
969	25	0
972	8	0
979	10	0
980	35	0
983	9	0
986	11	0
995	31	0
1001	9	0
1031	9	0
1031	39	0
1038	19	0
1039	0	0
1050	9	0
1062	39	0
1076	44	0
1085	20	0
1087	9	0
1093	20	0
1106	9	0
1114	8	0
1123	9	0
1138	8	0
1143	11	0
1149	9	0
1155	8	0
1160	24	0
1161	23	0
1163	8	0
1168	11	0
1173	0	0
1187	31	0
1194	27	0
1206	8	0
1224	0	0
1227	26	0
1227	39	0
1230	27	0
1232	9	0
1233	26	0
1238	31	0
1241	8	0
1244	9	0
1248	11	0
1255	8	0
1259	10	0
1266	36	0
1268	35	0
1269	0	0
1269	39	0
1322	11	0
1324	9	0
1325	9	0
1329	39	0
1335	8	0
1358	0	0
1358	27	0
1364	8	0
1364	8	0
1380	8	0
1396	2	0
1397	9	0
1399	11	0
1403	25	0
1406	19	0
1406	22	0
1407	27	0
1423	9	0
1429	40	0
1438	24	0
1438	39	0
1440	0	0
1447	0	0
1476	9	0
1482	9	0
1482	11	0
1486	37	0
1488	39	0
1499	0	0
1499	2	0
1503	35	0
1503	38	0
1504	19	0
1505	9	0
1527	28	0
1532	8	0
1535	2	0
1538	10	0
1539	22	0
1545	18	0
1548	11	0
1551	2	0
1558	20	0
1558	29	0
1562	2	0
1563	20	0
1565	39	0
1570	36	0
1585	24	0
1591	41	0
1595	10	0
1595	43	0
1607	8	0
1609	28	0
1610	21	0
1622	34	0
1632	9	0
1636	39	0
1643	8	0
1646	10	0
1647	0	0
1647	35	0
1649	8	0
1652	36	0
1669	2	0
1672	39	0
1675	8	0
1677	29	0
1685	8	0
1705	0	0
1708	35	0
1712	9	0
1716	10	0
1718	10	0
1722	8	0
1738	39	0
1740	11	0
1745	20	0
1747	9	0
1747	29	0
1753	25	0
1757	0	0
1761	8	0
1764	36	0
1767	11	0
1767	24	0
1767	40	0
1770	21	0
1775	8	0
1781	9	0
1781	28	0
1781	34	0
1791	0	0
1797	10	0
1798	27	0
1799	23	0
1811	0	0
1820	8	0
1824	8	0
1828	30	0
1835	26	0
1843	11	0
1852	16	0
1865	20	0
1871	18	0
1871	31	0
1872	8	0
1872	9	0
1874	9	0
1882	9	0
1900	34	0
1905	9	0
1936	0	0
1937	8	0
1943	18	0
1949	9	0
1950	2	0
1950	30	0
1956	8	0
1959	20	0
1967	22	0
1977	38	0
1983	8	0
1983	44	0
1989	0	0
2003	39	0
2003	42	0
2006	24	0
2010	8	0
2017	9	0
2017	9	0
2020	2	0
2027	17	0
2031	36	0
2034	9	0
2035	41	0
2049	0	0
2054	8	0
2074	8	0
2076	11	0
2092	30	0
2098	8	0
2099	10	0
2104	9	0
2119	9	0
2124	8	0
2141	9	0
2153	9	0
2158	0	0
2158	9	0
2171	2	0
2171	8	0
2179	2	0
2183	8	0
2189	20	0
2192	25	0
2195	27	0
2202	0	0
2206	30	0
2208	23	0
2212	0	0
2234	10	0
2238	8	0
2249	11	0
2250	2	0
2251	10	0
2253	9	0
2274	8	0
2274	9	0
2278	11	0
2280	20	0
2281	28	0
2287	9	0
2288	8	0
2295	9	0
2296	8	0
2305	8	0
2311	2	0
2318	16	0
2326	27	0
2326	31	0
2327	31	0
2331	8	0
2334	15	0
2336	8	0
2347	9	0
2367	9	0
2368	20	0
2374	34	0
2375	39	0
2394	9	0
2397	8	0
2401	31	0
2404	8	0
2409	8	0
2410	25	0
2411	0	0
2416	11	0
2421	27	0
2427	2	0
2428	2	0
2428	9	0
2428	10	0
2431	11	0
2442	39	0
2453	20	0
2454	38	0
2456	9	0
2456	23	0
2461	10	0
2465	0	0
2472	10	0
2478	11	0
2495	9	0
2496	30	0
2507	9	0
2508	8	0
2509	0	0
2518	11	0
2524	9	0
2530	19	0
2530	29	0
2531	40	0
2543	8	0
2546	11	0
2546	24	0
2549	8	0
2558	41	0
2571	9	0
2573	9	0
2576	9	0
2581	39	0
2592	8	0
2596	24	0
2598	9	0
2607	11	0
2611	38	0
2614	9	0
2628	11	0
2640	9	0
2641	39	0
2649	8	0
2668	9	0
2677	42	0
2692	12	0
2694	39	0
2696	2	0
2701	9	0
2705	19	0
2705	39	0
2715	9	0
2715	44	0
2716	8	0
2716	17	0
2716	32	0
2718	10	0
2723	39	0
2741	9	0
2747	39	0
2755	11	0
2757	9	0
2758	27	0
2762	9	0
2765	26	0
2773	39	0
2776	35	0
2782	10	0
2800	0	0
2810	8	0
2811	11	0
2816	10	0
2825	19	0
2828	14	0
2831	9	0
2834	15	0
2834	39	0
2846	42	0
2849	9	0
2856	0	0
2856	8	0
2863	31	0
2867	10	0
2879	44	0
2881	29	0
2882	24	0
2886	16	0
2893	9	0
2904	36	0
2907	8	0
2917	9	0
2920	10	0
2936	9	0
2949	29	0
2968	20	0
2980	35	0
2984	8	0
3003	37	0
3006	20	0
3011	9	0
3015	40	0
3016	10	0
3021	8	0
3026	10	0
3038	16	0
3040	0	0
3042	11	0
3050	30	0
3069	9	0
3074	22	0
3080	14	0
3107	19	0
3111	21	0
3111	41	0
3112	9	0
3112	9	0
3124	0	0
3133	27	0
3135	8	0
3175	20	0
3182	0	0
3206	11	0
3215	21	0
3225	8	0
3227	25	0
3228	44	0
3232	20	0
3236	38	0
3250	20	0
3262	11	0
3266	9	0
3266	9	0
3286	9	0
3301	8	0
3302	27	0
3310	10	0
3312	8	0
3312	24	0
3325	9	0
3326	8	0
3338	11	0
3341	14	0
3348	39	0
3350	39	0
3361	20	0
3364	9	0
3370	9	0
3372	42	0
3375	39	0
3376	44	0
3384	9	0
3390	14	0
3404	36	0
3408	8	0
3410	0	0
3417	20	0
3421	9	0
3428	0	0
3430	8	0
3438	29	0
3448	8	0
3456	8	0
3461	14	0
3474	8	0
3478	39	0
3485	20	0
3486	20	0
3486	27	0
3490	39	0
3491	9	0
3493	10	0
3498	16	0
3504	8	0
3512	28	0
3518	34	0
3525	38	0
3528	31	0
3553	8	0
3556	11	0
3561	28	0
3567	14	0
3571	18	0
3572	9	0
3575	22	0
3592	9	0
3598	9	0
3605	30	0
3613	25	0
3614	11	0
3618	8	0
3619	20	0
3627	29	0
3627	39	0
3629	8	0
3629	9	0
3629	26	0
3633	10	0
3649	8	0
3649	11	0
3649	20	0
3654	8	0
3658	11	0
3664	9	0
3664	36	0
3665	38	0
3667	10	0
3678	26	0
3692	8	0
3695	31	0
3695	36	0
3701	36	0
3706	2	0
3712	9	0
3734	8	0
3735	13	0
3741	29	0
3744	22	0
3749	20	0
3750	31	0
3765	39	0
3767	27	0
3768	22	0
3793	2	0
3793	9	0
3795	8	0
3805	11	0
3809	28	0
3812	0	0
3821	24	0
3828	20	0
3829	37	0
3836	8	0
3838	20	0
3841	9	0
3847	8	0
3851	10	0
3854	9	0
3862	30	0
3869	0	0
3877	39	0
3878	20	0
3886	8	0
3888	23	0
3889	9	0
3894	11	0
3897	20	0
3910	38	0
3912	21	0
3924	8	0
3926	9	0
3938	0	0
3941	10	0
3945	32	0
3949	10	0
3961	35	0
3971	20	0
3979	44	0
3982	8	0
3990	8	0
3991	10	0
3995	28	0
3998	0	0
4005	11	0
4005	41	0
4018	9	0
4019	8	0
4030	33	0
4036	10	0
4041	27	0
4043	39	0
4047	22	0
4052	30	0
4060	35	0
4061	27	0
4063	39	0
4089	8	0
4108	8	0
4109	9	0
4114	8	0
4114	9	0
4118	8	0
4118	26	0
4121	9	0
4121	18	0
4128	21	0
4128	39	0
4136	39	0
4137	19	0
4143	8	0
4148	11	0
4151	35	0
4153	8	0
4157	31	0
4161	9	0
4163	20	0
4164	21	0
4164	30	0
4167	25	0
4169	2	0
4192	20	0
4199	9	0
4216	8	0
4216	9	0
4226	39	0
4253	20	0
4263	8	0
4286	10	0
4292	2	0
4292	39	0
4292	43	0
4297	11	0
4298	32	0
4300	9	0
4304	38	0
4306	2	0
4306	9	0
4324	9	0
4325	20	0
4332	39	0
4337	26	0
4337	37	0
4347	39	0
4348	8	0
4350	39	0
4358	24	0
4368	8	0
4371	9	0
4373	8	0
4387	9	0
4393	8	0
4400	21	0
4406	11	0
4409	9	0
4417	18	0
4420	9	0
4429	22	0
4432	11	0
4439	0	0
4448	0	0
4454	29	0
4457	21	0
4465	36	0
4473	11	0
4475	20	0
4478	11	0
4481	36	0
4497	2	0
4513	8	0
4513	21	0
4526	31	0
4537	27	0
4553	27	0
4564	9	0
4566	37	0
4570	40	0
4580	30	0
4587	19	0
4601	21	0
4603	44	0
4616	8	0
4626	0	0
4633	9	0
4635	9	0
4643	34	0
4645	39	0
4648	11	0
4652	34	0
4655	33	0
4656	34	0
4657	8	0
4661	8	0
4661	16	0
4661	20	0
4662	8	0
4673	8	0
4684	39	0
4690	16	0
4718	2	0
4722	11	0
4724	2	0
4726	9	0
4733	8	0
4738	0	0
4744	10	0
4753	9	0
4753	9	0
4755	27	0
4759	8	0
4764	19	0
4768	9	0
4774	8	0
4775	10	0
4782	28	0
4805	8	0
4813	11	0
4847	38	0
4850	31	0
4851	9	0
4860	39	0
4861	0	0
4864	25	0
4876	9	0
4877	41	0
4879	39	0
4881	31	0
4888	11	0
4898	30	0
4899	8	0
4901	26	0
4908	19	0
4909	9	0
4915	0	0
4919	9	0
4921	11	0
4929	8	0
4929	9	0
4937	29	0
4941	8	0
4946	0	0
4946	31	0
4946	41	0
4956	10	0
4963	20	0
4964	28	0
4966	8	0
4968	8	0
4969	37	0
4975	8	0
4994	19	0
4997	27	0
4997	39	0
5006	25	0
5041	38	0
5047	37	0
5048	19	0
5066	8	0
5067	32	0
5068	34	0
5073	20	0
5074	31	0
5078	9	0
5078	43	0
5082	11	0
5084	8	0
5098	28	0
5102	11	0
5108	10	0
5113	39	0
5121	24	0
5121	25	0
5122	9	0
5126	8	0
5129	10	0
5131	8	0
5134	8	0
5137	9	0
5143	0	0
5144	20	0
5144	34	0
5149	8	0
5150	44	0
5153	8	0
5157	21	0
5158	10	0
5164	8	0
5175	9	0
5178	30	0
5188	39	0
5191	21	0
5192	20	0
5199	9	0
5204	9	0
5213	39	0
5220	22	0
5225	31	0
5238	19	0
5238	20	0
5243	30	0
5266	9	0
5279	34	0
5292	2	0
5292	31	0
5301	9	0
5310	9	0
5317	20	0
5317	31	0
5325	21	0
5327	8	0
5327	24	0
5329	8	0
5333	20	0
5338	39	0
5357	8	0
5379	2	0
5379	8	0
5389	11	0
5392	9	0
5398	0	0
5413	10	0
5416	11	0
5420	0	0
5432	39	0
5455	8	0
5455	21	0
5460	16	0
5472	31	0
5477	9	0
5484	20	0
5504	10	0
5515	9	0
5530	8	0
5532	0	0
5533	9	0
5538	11	0
5538	20	0
5558	8	0
5563	28	0
5591	20	0
5596	11	0
5605	25	0
5611	11	0
5623	11	0
5627	39	0
5628	0	0
5628	20	0
5629	33	0
5635	37	0
5644	28	0
5647	27	0
5651	9	0
5668	10	0
5672	8	0
5677	35	0
5688	10	0
5689	31	0
5694	11	0
5694	11	0
5695	9	0
5704	35	0
5724	10	0
5729	8	0
5735	9	0
5744	9	0
5749	39	0
5749	39	0
5752	8	0
5761	31	0
5779	11	0
5788	8	0
5790	8	0
5790	35	0
5791	17	0
5798	39	0
5811	8	0
5816	0	0
5820	37	0
5824	22	0
5844	9	0
5848	11	0
5855	11	0
5858	39	0
5864	8	0
5865	0	0
5866	41	0
5875	2	0
5884	10	0
5889	19	0
5891	27	0
5897	8	0
5914	2	0
5926	30	0
5931	8	0
5933	9	0
5956	8	0
5960	8	0
5969	25	0
5987	39	0
5998	20	0
6005	20	0
6006	8	0
6010	21	0
6011	8	0
6030	35	0
6035	28	0
6038	0	0
6038	11	0
6038	31	0
6053	8	0
6055	9	0
6077	28	0
6085	28	0
6088	0	0
6101	8	0
6106	8	0
6108	11	0
6111	11	0
6111	44	0
6119	26	0
6137	32	0
6150	31	0
6152	20	0
6158	8	0
6163	8	0
6173	30	0
6175	8	0
6188	11	0
6190	34	0
6197	20	0
6206	39	0
6216	20	0
6223	35	0
6224	39	0
6225	36	0
6226	9	0
6239	15	0
6247	9	0
6248	30	0
6258	8	0
6276	8	0
6278	11	0
6287	8	0
6302	30	0
6308	0	0
6309	9	0
6312	20	0
6319	10	0
6321	38	0
6328	9	0
6328	9	0
6330	9	0
6334	43	0
6340	29	0
6348	8	0
6355	8	0
6357	9	0
6365	8	0
6367	9	0
6373	30	0
6375	39	0
6382	23	0
6385	39	0
6388	11	0
6391	30	0
6398	11	0
6409	44	0
6424	8	0
6426	40	0
6431	9	0
6434	28	0
6439	9	0
6458	8	0
6459	9	0
6462	0	0
6463	9	0
6466	10	0
6467	11	0
6472	30	0
6477	43	0
6491	10	0
6500	35	0
6511	9	0
6511	38	0
6512	9	0
6514	25	0
6514	39	0
6524	13	0
6532	26	0
6535	30	0
6538	22	0
6546	8	0
6554	35	0
6579	9	0
6587	2	0
6592	43	0
6608	35	0
6611	9	0
6619	32	0
6635	8	0
6639	9	0
6644	8	0
6646	39	0
6648	8	0
6650	20	0
6653	25	0
6666	8	0
6668	20	0
6672	39	0
6680	28	0
6682	9	0
6683	35	0
6692	27	0
6694	29	0
6700	8	0
6703	8	0
6704	9	0
6713	26	0
6732	30	0
6732	39	0
6736	8	0
6737	9	0
6742	11	0
6756	8	0
6758	8	0
6765	39	0
6767	8	0
6769	15	0
6775	27	0
6791	10	0
6810	15	0
6814	8	0
6815	19	0
6818	39	0
6832	0	0
6836	8	0
6845	0	0
6845	11	0
6852	0	0
6862	8	0
6866	20	0
6869	18	0
6874	16	0
6875	8	0
6878	8	0
6881	8	0
6896	24	0
6903	2	0
6905	28	0
6907	8	0
6908	34	0
6909	9	0
6930	44	0
6934	9	0
6935	20	0
6941	8	0
6943	24	0
6948	31	0
6959	8	0
6959	39	0
6963	20	0
6980	8	0
6984	42	0
6986	30	0
6995	44	0
6999	11	0
7004	27	0
7004	28	0
7012	9	0
7025	20	0
7039	2	0
7040	9	0
7052	21	0
7053	24	0
7057	18	0
7066	9	0
7068	9	0
7070	34	0
7071	31	0
7087	11	0
7098	2	0
7101	19	0
7105	30	0
7113	8	0
7115	9	0
7120	13	0
7121	8	0
7130	41	0
7134	9	0
7163	8	0
7174	44	0
7185	8	0
7187	9	0
7188	11	0
7192	22	0
7209	10	0
7225	28	0
7238	42	0
7249	8	0
7268	11	0
7268	20	0
7272	2	0
7280	43	0
7286	8	0
7293	9	0
7313	26	0
7320	9	0
7325	34	0
7336	28	0
7338	11	0
7354	9	0
7356	10	0
7356	35	0
7358	11	0
7361	0	0
7361	15	0
7365	8	0
7366	18	0
7387	10	0
7398	10	0
7403	10	0
7415	9	0
7430	21	0
7431	9	0
7437	9	0
7438	0	0
7450	8	0
7461	9	0
7468	25	0
7473	20	0
7497	8	0
7505	8	0
7516	18	0
7536	38	0
7539	19	0
7541	8	0
7543	20	0
7546	25	0
7555	8	0
7568	13	0
7571	11	0
7571	19	0
7574	39	0
7583	0	0
7583	0	0
7587	2	0
7593	29	0
7594	9	0
7598	9	0
7602	26	0
7608	34	0
7613	32	0
7614	8	0
7620	35	0
7625	25	0
7639	8	0
7651	18	0
7654	8	0
7659	11	0
7664	10	0
7667	39	0
7671	41	0
7681	29	0
7692	9	0
7699	8	0
7724	16	0
7728	10	0
7731	0	0
7733	42	0
7743	38	0
7743	44	0
7745	10	0
7751	8	0
7752	26	0
7754	23	0
7767	21	0
7767	24	0
7769	37	0
7770	9	0
7774	23	0
7778	13	0
7779	39	0
7782	27	0
7792	0	0
7821	29	0
7823	9	0
7827	10	0
7828	44	0
7830	8	0
7836	20	0
7837	0	0
7843	31	0
7857	24	0
7860	39	0
7864	9	0
7866	8	0
7866	11	0
7867	19	0
7893	28	0
7911	9	0
7915	14	0
7915	42	0
7919	8	0
7925	27	0
7936	24	0
7946	11	0
7954	9	0
7955	28	0
7956	8	0
7973	35	0
7983	0	0
7995	35	0
8004	9	0
8016	9	0
8017	24	0
8020	2	0
8032	11	0
8034	26	0
8042	8	0
8043	20	0
8053	0	0
8054	9	0
8056	35	0
8059	8	0
8062	9	0
8066	31	0
8071	10	0
8076	44	0
8079	38	0
8083	0	0
8085	8	0
8086	2	0
8086	9	0
8100	27	0
8101	29	0
8102	10	0
8105	37	0
8118	9	0
8119	9	0
8125	9	0
8126	0	0
8128	10	0
8133	40	0
8134	20	0
8143	11	0
8146	0	0
8161	39	0
8174	11	0
8176	8	0
8183	0	0
8191	35	0
8193	8	0
8199	39	0
8219	20	0
8222	31	0
8223	8	0
8223	20	0
8228	30	0
8232	44	0
8252	31	0
8255	11	0
8259	20	0
8261	9	0
8263	9	0
8269	10	0
8271	19	0
8280	31	0
8281	8	0
8281	29	0
8298	9	0
8299	8	0
8307	10	0
8320	8	0
8322	8	0
8335	8	0
8335	8	0
8335	39	0
8339	8	0
8339	27	0
8351	8	0
8357	41	0
8363	11	0
8363	20	0
8365	27	0
8366	8	0
8381	31	0
8384	9	0
8389	0	0
8391	0	0
8394	30	0
8401	8	0
8404	11	0
8420	8	0
8422	19	0
8433	27	0
8445	9	0
8458	11	0
8459	38	0
8464	2	0
8478	8	0
8478	30	0
8481	8	0
8481	9	0
8485	40	0
8505	8	0
8505	8	0
8506	35	0
8510	11	0
8524	11	0
8525	8	0
8537	9	0
8539	28	0
8554	19	0
8554	44	0
8558	35	0
8564	9	0
8565	30	0
8575	8	0
8588	23	0
8607	39	0
8608	8	0
8611	9	0
8616	9	0
8619	10	0
8632	29	0
8637	2	0
8639	39	0
8640	39	0
8647	35	0
8648	9	0
8649	8	0
8651	26	0
8654	8	0
8654	21	0
8657	9	0
8662	27	0
8664	31	0
8673	0	0
8680	33	0
8681	27	0
8686	21	0
8697	9	0
8701	21	0
8705	39	0
8710	27	0
8712	20	0
8714	8	0
8719	15	0
8724	8	0
8729	39	0
8730	11	0
8753	0	0
8755	9	0
8772	8	0
8787	8	0
8795	10	0
8795	39	0
8797	9	0
8799	39	0
8805	22	0
8813	43	0
8815	39	0
8816	31	0
8829	20	0
8830	9	0
8832	24	0
8834	8	0
8844	9	0
8844	39	0
8847	0	0
8854	31	0
8856	9	0
8871	21	0
8875	28	0
8876	0	0
8879	8	0
8893	12	0
8893	18	0
8894	0	0
8898	8	0
8905	27	0
8914	9	0
8917	8	0
8919	19	0
8925	8	0
8929	9	0
8931	38	0
8938	20	0
8941	30	0
8942	28	0
8946	30	0
8952	29	0
8955	27	0
8962	2	0
8963	8	0
8963	16	0
8966	14	0
8988	2	0
8988	35	0
8989	9	0
8990	31	0
8991	8	0
8996	24	0
8998	9	0
9003	9	0
9019	21	0
9020	34	0
9030	9	0
9034	22	0
9035	44	0
9036	16	0
9039	25	0
9045	2	0
9047	8	0
9056	20	0
9063	10	0
9065	11	0
9068	39	0
9079	28	0
9080	9	0
9081	0	0
9083	8	0
9084	8	0
9087	39	0
9088	32	0
9091	9	0
9096	29	0
9121	9	0
9127	29	0
9136	8	0
9138	9	0
9149	20	0
9162	21	0
9166	36	0
9171	8	0
9174	2	0
9174	8	0
9181	8	0
9189	8	0
9191	11	0
9197	8	0
9201	20	0
9220	24	0
9223	20	0
9226	25	0
9232	44	0
9255	10	0
9262	11	0
9277	20	0
9290	0	0
9296	9	0
9305	9	0
9315	29	0
9333	9	0
9333	38	0
9346	39	0
9348	21	0
9356	8	0
9366	20	0
9367	9	0
9372	28	0
9374	44	0
9377	0	0
9397	10	0
9399	8	0
9401	39	0
9405	30	0
9408	41	0
9412	34	0
9423	21	0
9436	17	0
9438	10	0
9446	2	0
9456	21	0
9465	2	0
9471	39	0
9484	38	0
9485	9	0
9485	29	0
9488	8	0
9490	10	0
9497	30	0
9498	38	0
9513	9	0
9513	21	0
9514	8	0
9515	9	0
9516	43	0
9540	8	0
9564	9	0
9565	9	0
9566	36	0
9591	28	0
9592	9	0
9594	8	0
9602	37	0
9606	11	0
9607	9	0
9636	9	0
9636	11	0
9648	32	0
9649	24	0
9655	0	0
9667	26	0
9668	9	0
9670	10	0
9674	24	0
9676	35	0
9696	31	0
9697	8	0
9697	8	0
9705	0	0
9705	39	0
9716	39	0
9722	8	0
9725	24	0
9745	29	0
9752	11	0
9771	24	0
9784	26	0
9784	44	0
9788	38	0
9792	15	0
9812	34	0
9825	16	0
9825	35	0
9827	2	0
9829	9	0
9831	25	0
9849	8	0
9851	8	0
9852	20	0
9856	0	0
9857	30	0
9858	8	0
9869	9	0
9884	35	0
9886	20	0
9901	10	0
9901	20	0
9902	20	0
9905	8	0
9907	26	0
9908	31	0
9913	9	0
9920	11	0
9931	11	0
9934	9	0
9949	2	0
9970	8	0
9976	30	0
9978	8	0
9993	8	0
9995	9	0
9995	9	0
9995	26	0
9998	19	0
9999	37	0
10009	0	0
10020	41	0
10027	8	0
10029	20	0
10033	40	0
10040	34	0
10047	9	0
10052	0	0
10056	34	0
10057	8	0
10063	27	0
10071	16	0
10078	20	0
10081	9	0
10086	36	0
10090	8	0
10092	39	0
10101	8	0
10107	8	0
10112	9	0
10113	18	0
10118	28	0
10120	8	0
10137	11	0
10138	8	0
10138	25	0
10140	21	0
10146	0	0
10152	9	0
10158	19	0
10167	11	0
10169	36	0
10175	11	0
10179	30	0
10185	8	0
10185	41	0
10193	20	0
10194	20	0
10195	8	0
10195	32	0
10205	26	0
10209	21	0
10210	25	0
10220	8	0
10227	11	0
10230	39	0
10232	8	0
10248	9	0
10250	9	0
10254	2	0
10260	30	0
10261	31	0
10271	9	0
10277	8	0
10281	10	0
10297	11	0
10299	9	0
10313	31	0
10319	0	0
10327	42	0
10339	28	0
10349	0	0
10349	39	0
10378	44	0
10390	8	0
10396	8	0
10437	8	0
10437	39	0
10441	2	0
10442	19	0
10448	9	0
10448	39	0
10450	0	0
10476	0	0
10488	28	0
10494	44	0
10507	9	0
10513	36	0
10517	37	0
10518	9	0
10526	9	0
10527	26	0
10527	44	0
10530	10	0
10541	11	0
10544	21	0
10548	8	0
10548	33	0
10549	29	0
10552	9	0
10553	40	0
10564	27	0
10568	20	0
10572	8	0
10572	8	0
10577	11	0
10578	20	0
10582	9	0
10582	20	0
10585	44	0
10598	8	0
10620	12	0
10624	8	0
10633	18	0
10634	9	0
10640	39	0
10645	39	0
10647	9	0
10656	34	0
10657	11	0
10659	9	0
10673	16	0
10678	20	0
10683	39	0
10684	8	0
10706	34	0
10707	10	0
10708	29	0
10708	31	0
10710	10	0
10724	15	0
10726	15	0
10743	10	0
10748	25	0
10751	30	0
10751	35	0
10760	2	0
10766	20	0
10769	39	0
10770	35	0
10782	9	0
10787	27	0
10796	22	0
10797	20	0
10803	0	0
10804	23	0
10814	8	0
10815	0	0
10816	9	0
10817	25	0
10824	8	0
10825	9	0
10828	11	0
10842	2	0
10845	39	0
10856	11	0
10856	26	0
10885	8	0
10896	9	0
10898	40	0
10899	8	0
10904	39	0
10907	10	0
10915	10	0
10917	8	0
10920	11	0
10922	8	0
10935	26	0
10959	24	0
10967	2	0
10971	20	0
10987	10	0
10994	30	0
10997	20	0
11000	29	0
11001	9	0
11003	11	0
11010	11	0
11021	9	0
11025	9	0
11033	0	0
11040	27	0
11041	0	0
11044	11	0
11055	9	0
11055	19	0
11079	8	0
11081	10	0
11096	8	0
11098	2	0
11106	20	0
11120	8	0
11120	11	0
11123	8	0
11126	8	0
11138	20	0
11144	9	0
11146	38	0
11147	8	0
11152	20	0
11161	10	0
11162	9	0
11163	10	0
11163	20	0
11164	9	0
11173	40	0
11190	39	0
11198	8	0
11203	9	0
11205	2	0
11206	20	0
11208	9	0
11211	26	0
11219	8	0
11226	0	0
11243	9	0
11244	9	0
11249	30	0
11264	39	0
11265	12	0
11271	8	0
11272	29	0
11286	0	0
11288	43	0
11289	9	0
11295	24	0
11304	29	0
11318	8	0
11324	11	0
11325	31	0
11332	21	0
11336	31	0
11341	8	0
11359	21	0
11361	8	0
11370	11	0
11395	9	0
11397	39	0
11415	30	0
11416	8	0
11419	9	0
11426	22	0
11435	23	0
11440	9	0
11449	20	0
11451	10	0
11451	22	0
11452	10	0
11456	10	0
11487	9	0
11492	35	0
11520	2	0
11520	9	0
11524	8	0
11525	11	0
11527	8	0
11535	8	0
11536	38	0
11541	44	0
11542	2	0
11542	9	0
11547	10	0
11555	9	0
11567	8	0
11567	31	0
11579	9	0
11601	20	0
11601	39	0
11602	0	0
11610	9	0
11623	2	0
11633	34	0
11636	8	0
11644	21	0
11644	38	0
11659	11	0
11660	8	0
11668	0	0
11669	9	0
11678	21	0
11680	0	0
11688	10	0
11695	39	0
11714	10	0
11714	37	0
11731	9	0
11739	39	0
11750	24	0
11752	22	0
11756	16	0
11758	9	0
11762	8	0
11766	9	0
11774	30	0
11782	11	0
11783	8	0
11785	20	0
11793	9	0
11804	9	0
11819	9	0
11826	11	0
11837	8	0
11855	0	0
11862	8	0
11867	0	0
11868	9	0
11870	39	0
11882	9	0
11884	9	0
11884	10	0
11892	10	0
11903	2	0
11918	10	0
11922	21	0
11924	27	0
11924	36	0
11930	0	0
11934	39	0
11936	9	0
11951	30	0
11957	11	0
11960	9	0
11966	9	0
11984	8	0
11985	8	0
11986	9	0
11988	10	0
12016	36	0
12025	11	0
12034	20	0
12037	29	0
12044	9	0
12046	38	0
12059	36	0
12061	8	0
12075	8	0
12091	11	0
12093	12	0
12097	10	0
12097	15	0
12111	28	0
12125	44	0
12127	9	0
12131	8	0
12140	9	0
12145	44	0
12151	8	0
12171	8	0
12186	9	0
12197	9	0
12228	9	0
12242	9	0
12243	18	0
12246	9	0
12248	23	0
12249	36	0
12250	10	0
12258	8	0
12263	9	0
12267	8	0
12273	10	0
12278	22	0
12292	2	0
12294	38	0
12295	20	0
12298	27	0
12299	2	0
12300	11	0
12307	20	0
12308	28	0
12310	35	0
12316	10	0
12317	9	0
12325	9	0
12335	8	0
12355	2	0
12355	8	0
12359	31	0
12362	36	0
12372	10	0
12373	10	0
12379	8	0
12383	13	0
12388	0	0
12398	8	0
12402	10	0
12421	17	0
12430	11	0
12431	11	0
12432	9	0
12435	8	0
12446	20	0
12449	11	0
12452	9	0
12453	8	0
12455	20	0
12459	31	0
12461	27	0
12465	8	0
12465	27	0
12471	39	0
12478	9	0
12480	28	0
12481	22	0
12507	8	0
12510	9	0
12512	8	0
12514	29	0
12520	8	0
12522	39	0
12537	8	0
12538	26	0
12560	10	0
12561	8	0
12564	36	0
12564	39	0
12570	38	0
12582	11	0
12584	33	0
12587	39	0
12594	9	0
12596	29	0
12598	39	0
12600	31	0
12604	9	0
12620	35	0
12624	8	0
12624	37	0
12627	29	0
12631	27	0
12638	20	0
12642	25	0
12652	24	0
12663	39	0
12671	0	0
12684	39	0
12686	9	0
12692	0	0
12707	43	0
12731	35	0
12737	9	0
12738	0	0
12739	8	0
12752	26	0
12768	8	0
12781	30	0
12782	2	0
12785	8	0
12789	26	0
12794	25	0
12816	0	0
12832	9	0
12841	9	0
12847	10	0
12862	8	0
12864	0	0
12867	28	0
12883	9	0
12885	0	0
12903	44	0
12904	9	0
12911	30	0
12914	8	0
12916	11	0
12934	8	0
12935	8	0
12935	24	0
12936	29	0
12939	9	0
12961	10	0
12968	41	0
12982	20	0
12982	21	0
12987	8	0
12988	9	0
12994	9	0
12999	38	0
13003	8	0
13013	9	0
13013	11	0
13017	9	0
13022	9	0
13024	39	0
13043	20	0
13050	2	0
13055	36	0
13057	9	0
13060	11	0
13066	20	0
13069	0	0
13071	31	0
13083	9	0
13087	27	0
13092	20	0
13096	22	0
13103	11	0
13110	23	0
13112	9	0
13115	39	0
13116	11	0
13118	11	0
13119	9	0
13125	8	0
13126	20	0
13130	8	0
13142	11	0
13147	25	0
13151	9	0
13153	24	0
13155	29	0
13156	8	0
13159	9	0
13173	39	0
13179	9	0
13186	28	0
13205	34	0
13208	0	0
13223	39	0
13228	20	0
13233	27	0
13236	10	0
13237	29	0
13240	0	0
13262	23	0
13267	28	0
13269	10	0
13271	29	0
13280	30	0
13290	36	0
13308	11	0
13310	38	0
13311	29	0
13314	26	0
13325	23	0
13337	19	0
13344	21	0
13360	39	0
13366	0	0
13373	41	0
13373	42	0
13375	20	0
13387	11	0
13392	16	0
13398	10	0
13402	8	0
13407	9	0
13407	37	0
13409	32	0
13412	10	0
13423	20	0
13441	8	0
13445	9	0
13457	33	0
13464	8	0
13467	8	0
13473	24	0
13474	11	0
13475	8	0
13478	34	0
13490	43	0
13505	11	0
13506	38	0
13531	40	0
13534	8	0
13535	38	0
13544	16	0
13548	21	0
13560	29	0
13567	9	0
13579	11	0
13587	39	0
13590	8	0
13595	11	0
13610	8	0
13624	39	0
13625	0	0
13625	2	0
13626	10	0
13629	8	0
13630	9	0
13631	20	0
13664	29	0
13677	24	0
13679	16	0
13681	9	0
13684	10	0
13691	10	0
13701	8	0
13702	9	0
13703	10	0
13704	8	0
13717	9	0
13722	8	0
13726	10	0
13753	29	0
13758	0	0
13763	28	0
13772	8	0
13777	11	0
13781	9	0
13788	29	0
13793	15	0
13821	9	0
13821	29	0
13843	20	0
13849	27	0
13852	35	0
13867	20	0
13871	27	0
13881	8	0
13883	8	0
13885	2	0
13900	29	0
13913	2	0
13915	8	0
13922	9	0
13922	10	0
13926	29	0
13936	9	0
13946	10	0
13947	8	0
13949	38	0
13979	0	0
13995	27	0
14001	11	0
14003	8	0
14009	29	0
14016	10	0
14017	8	0
14020	2	0
14023	11	0
14032	8	0
14032	8	0
14039	9	0
14042	9	0
14049	9	0
14085	26	0
14093	0	0
14093	8	0
14093	39	0
14094	25	0
14102	11	0
14114	35	0
14118	11	0
14119	2	0
14140	34	0
14148	9	0
14155	9	0
14166	0	0
14193	8	0
14198	11	0
14203	9	0
14213	0	0
14223	18	0
14223	30	0
14234	39	0
14238	20	0
14248	9	0
14249	34	0
14256	11	0
14258	9	0
14260	29	0
14264	39	0
14265	39	0
14269	44	0
14271	8	0
14281	11	0
14284	13	0
14288	10	0
14288	30	0
14289	8	0
14293	9	0
14305	2	0
14309	8	0
14314	8	0
14320	8	0
14329	26	0
14337	8	0
14343	8	0
14354	39	0
14359	2	0
14364	24	0
14369	20	0
14370	27	0
14381	2	0
14385	11	0
14390	8	0
14404	0	0
14405	8	0
14411	35	0
14414	8	0
14421	9	0
14423	36	0
14429	22	0
14437	12	0
14438	8	0
14442	11	0
14442	34	0
14447	29	0
14456	20	0
14460	10	0
14468	10	0
14468	11	0
14480	27	0
14481	8	0
14483	39	0
14484	9	0
14492	8	0
14502	9	0
14502	22	0
14510	36	0
14513	10	0
14521	41	0
14527	8	0
14536	9	0
14538	9	0
14553	9	0
14560	8	0
14561	26	0
14569	44	0
14587	15	0
14589	11	0
14591	22	0
14603	10	0
14608	9	0
14612	11	0
14617	39	0
14619	34	0
14624	8	0
14632	9	0
14639	34	0
14642	2	0
14643	26	0
14646	8	0
14656	28	0
14657	9	0
14661	24	0
14664	30	0
14665	9	0
14668	8	0
14670	8	0
14676	20	0
14686	39	0
14695	8	0
14702	11	0
14704	29	0
14707	2	0
14707	9	0
14717	40	0
14725	0	0
14739	24	0
14748	2	0
14753	43	0
14758	9	0
14759	11	0
14765	2	0
14767	39	0
14781	26	0
14787	9	0
14791	20	0
14792	9	0
14793	8	0
14797	9	0
14801	8	0
14801	35	0
14803	23	0
14815	24	0
14823	21	0
14834	31	0
14845	9	0
14858	0	0
14859	0	0
14863	42	0
14870	8	0
14878	9	0
14883	10	0
14891	28	0
14891	40	0
14895	9	0
14898	8	0
14900	9	0
14901	30	0
14902	10	0
14913	9	0
14933	10	0
14935	9	0
14942	0	0
14953	31	0
14955	8	0
14960	9	0
14969	9	0
14975	9	0
14976	8	0
14984	0	0
14989	9	0
14997	9	0
15008	26	0
15008	27	0
15015	9	0
15015	36	0
15025	25	0
15029	0	0
15035	28	0
15041	9	0
15044	8	0
15047	8	0
15060	8	0
15070	8	0
15074	27	0
15083	9	0
15084	20	0
15086	25	0
15089	8	0
15101	31	0
15106	30	0
15121	34	0
15134	9	0
15135	0	0
15139	10	0
15148	39	0
15154	8	0
15154	35	0
15160	24	0
15161	35	0
15170	38	0
15174	9	0
15195	9	0
15206	23	0
15207	0	0
15208	31	0
15222	11	0
15244	26	0
15249	8	0
15264	0	0
15266	8	0
15266	40	0
15267	20	0
15272	21	0
15274	44	0
15283	8	0
15286	9	0
15289	9	0
15293	41	0
15294	40	0
15304	11	0
15306	26	0
15312	14	0
15341	34	0
15359	8	0
15364	9	0
15370	30	0
15371	9	0
15372	20	0
15375	2	0
15375	8	0
15375	39	0
15394	9	0
15396	28	0
15410	8	0
15412	8	0
15414	8	0
15424	9	0
15431	20	0
15439	8	0
15444	2	0
15444	9	0
15466	8	0
15477	25	0
15481	11	0
15482	19	0
15487	9	0
15494	28	0
15497	36	0
15499	8	0
15503	11	0
15510	19	0
15511	25	0
15522	8	0
15527	11	0
15537	39	0
15551	9	0
15552	39	0
15554	29	0
15562	10	0
15572	44	0
15577	11	0
15578	2	0
15579	31	0
15581	24	0
15589	0	0
15599	30	0
15599	31	0
15601	8	0
15609	10	0
15612	28	0
15615	10	0
15625	31	0
15626	8	0
15630	21	0
15633	21	0
15662	2	0
15681	10	0
15684	10	0
15692	10	0
15702	9	0
15704	11	0
15725	10	0
15726	44	0
15745	9	0
15751	8	0
15754	9	0
15778	8	0
15779	29	0
15794	0	0
15794	21	0
15795	0	0
15796	0	0
15799	8	0
15813	11	0
15818	23	0
15820	8	0
15821	20	0
15824	30	0
15825	25	0
15835	27	0
15836	8	0
15839	31	0
15840	9	0
15840	20	0
15841	9	0
15851	11	0
15855	11	0
15857	39	0
15869	18	0
15876	9	0
15889	8	0
15905	9	0
15913	10	0
15914	9	0
15916	30	0
15919	0	0
15922	10	0
15940	2	0
15941	41	0
15943	23	0
15945	34	0
15950	31	0
15950	36	0
15958	11	0
15978	9	0
15987	44	0
15999	40	0
16002	9	0
16005	10	0
16005	30	0
16018	20	0
16041	10	0
16041	30	0
16042	8	0
16084	28	0
16085	35	0
16086	8	0
16093	8	0
16093	8	0
16095	9	0
16097	0	0
16100	43	0
16122	9	0
16129	9	0
16132	8	0
16142	0	0
16145	24	0
16146	10	0
16151	8	0
16160	8	0
16163	8	0
16163	20	0
16164	39	0
16165	9	0
16167	0	0
16172	8	0
16172	8	0
16172	21	0
16173	9	0
16181	29	0
16182	10	0
16186	0	0
16186	30	0
16187	0	0
16187	20	0
16196	27	0
16200	44	0
16201	11	0
16210	9	0
16222	44	0
16225	8	0
16239	8	0
16247	38	0
16257	39	0
16261	8	0
16263	8	0
16267	38	0
16267	39	0
16269	8	0
16269	34	0
16272	2	0
16275	39	0
16276	11	0
16290	28	0
16308	8	0
16320	9	0
16335	9	0
16340	30	0
16364	8	0
16389	27	0
16398	36	0
16428	10	0
16435	31	0
16442	2	0
16447	11	0
16455	0	0
16458	39	0
16464	9	0
16465	29	0
16467	10	0
16471	27	0
16474	14	0
16481	8	0
16483	2	0
16486	9	0
16489	20	0
16504	19	0
16512	8	0
16517	10	0
16522	20	0
16528	11	0
16529	9	0
16538	23	0
16539	27	0
16545	16	0
16548	20	0
16552	0	0
16571	35	0
16573	41	0
16576	27	0
16585	8	0
16617	24	0
16622	0	0
16624	11	0
16633	21	0
16638	29	0
16639	0	0
16642	8	0
16645	9	0
16661	2	0
16666	10	0
16678	39	0
16684	11	0
16701	8	0
16714	8	0
16714	9	0
16723	9	0
16731	9	0
16731	19	0
16732	27	0
16739	8	0
16748	9	0
16756	8	0
16762	8	0
16762	11	0
16765	25	0
16771	8	0
16775	8	0
16786	20	0
16800	22	0
16806	11	0
16807	8	0
16811	40	0
16812	31	0
16819	31	0
16837	8	0
16838	20	0
16845	2	0
16854	9	0
16858	9	0
16862	14	0
16872	8	0
16893	9	0
16898	31	0
16902	8	0
16906	8	0
16914	9	0
16921	9	0
16930	8	0
16937	11	0
16941	9	0
16942	11	0
16947	8	0
16947	44	0
16958	28	0
16959	38	0
16964	25	0
16985	2	0
16985	9	0
16988	20	0
16989	34	0
16990	15	0
16996	29	0
16997	11	0
17000	8	0
17004	11	0
17006	36	0
17011	28	0
17024	9	0
17029	2	0
17030	8	0
17042	28	0
17055	9	0
17056	19	0
17060	36	0
17064	11	0
17072	20	0
17080	9	0
17106	8	0
17111	8	0
17115	8	0
17116	9	0
17120	9	0
17123	25	0
17125	8	0
17129	25	0
17130	31	0
17131	9	0
17133	8	0
17139	2	0
17153	29	0
17164	44	0
17171	39	0
17175	19	0
17178	9	0
17182	8	0
17184	23	0
17201	8	0
17208	9	0
17210	0	0
17211	11	0
17224	44	0
17225	20	0
17229	8	0
17229	22	0
17238	9	0
17240	28	0
17280	20	0
17289	9	0
17300	27	0
17311	34	0
17325	9	0
17335	11	0
17350	9	0
17360	21	0
17364	8	0
17365	31	0
17375	2	0
17375	9	0
17385	2	0
17385	34	0
17391	31	0
17393	10	0
17396	0	0
17396	35	0
17411	39	0
17420	10	0
17435	26	0
17436	22	0
17439	9	0
17441	35	0
17444	31	0
17460	8	0
17463	0	0
17468	25	0
17476	10	0
17479	11	0
17494	26	0
17495	10	0
17497	16	0
17505	9	0
17515	39	0
17527	31	0
17535	26	0
17555	8	0
17558	25	0
17569	28	0
17571	9	0
17575	29	0
17606	9	0
17608	0	0
17616	8	0
17616	9	0
17618	11	0
17621	39	0
17624	20	0
17654	24	0
17660	9	0
17700	2	0
17707	41	0
17709	23	0
17712	9	0
17712	19	0
17718	14	0
17720	31	0
17721	8	0
17731	41	0
17736	39	0
17737	0	0
17743	11	0
17745	28	0
17757	40	0
17761	2	0
17761	8	0
17763	31	0
17765	10	0
17787	14	0
17796	8	0
17796	43	0
17801	25	0
17801	39	0
17813	10	0
17822	44	0
17833	8	0
17835	0	0
17840	9	0
17850	8	0
17860	9	0
17866	9	0
17866	31	0
17895	20	0
17899	9	0
17911	9	0
17921	2	0
17921	29	0
17949	11	0
17951	8	0
17952	8	0
17953	8	0
17956	41	0
17965	20	0
17985	2	0
17993	38	0
17994	8	0
