77 76 72 73 74 75 67 66 64 65 60 59 57 58 53 51 48 gneJ7 45 gneJ8 43 41 40 39 37 38 33 32 29 30 31 22 21 20 19 18 192 17 16 15 12 13 14 8 7 5 4 3 2 1
77 76 72 73 74 75 67 66 64 65 60 59 57 58 53 51 48 gneJ7 45 gneJ8 43 41 40 39 37 38 33 32 29 30 31 22 21 20 19 18 192 17 16 15 12 13 14 8 7 5 4 3 2 1
1 2 3 4 6 10 11 15 203 16 17 192 18 19 20 21 22 23 24 27 28 32 33 34 35 36 39 40 41 gneJ4 43 45 gneJ7 48 51 53 54 55 56 59 60 61 62 63 66 67 68 69 70 71 76 77
1 2 3 4 6 10 11 15 203 16 17 192 18 19 20 21 22 23 24 27 28 32 33 34 35 36 39 40 41 gneJ4 43 45 gneJ7 48 51 53 54 55 56 59 60 61 62 63 66 67 68 69 70 71 76 77
77 76 72 73 74 75 68 69 80 82 83 88 89 202 93 99 101 103 105 107 109 117 118 121 123 125 127 128 138 140 142 144 145 149 150 151 153 154 155 14 8 7 5 4 3 2 1
1 2 3 152 148 147 143 141 139 137 134 132 129 126 124 122 119 115 116 108 200 106 104 102 100 94 92 90 91 84 85 86 87 81 70 71 76 77
1 2 3 152 148 147 199 162 165 170 172 173 175 179 182 184 186 196 86 87 81 70 71 76 77
77 76 72 73 74 75 68 69 80 82 83 84 85 201 193 185 183 181 180 178 177 176 174 171 169 168 166 149 150 151 153 154 155 14 8 7 5 4 3 2 1
112 111 110 108 200 106 104 102 100 95 97
98 96 99 101 103 105 107 109 114 113
161 159 157 156 152 148 147 143 141 139 137 136
131 138 140 142 144 145 149 150 151 153 154 155 158 160
78 79 74 75 68 69 80 82 83 88 89 202 93 95 97
78 79 74 75 68 69 80 82 83 88 89 202 93 99 101 103 105 107 109 114 113
78 79 74 75 68 69 80 82 83 84 85 201 189 190
78 79 74 75 68 69 70 71 76 77
78 79 74 75 67 66 64 65 60 59 57 58 53 51 48 gneJ7 45 gneJ8 43 41 40 39 37 38 33 32 29 30 31 22 21 20 19 18 192 17 16 15 12 13 14 8 7 5 4 3 2 1
78 79 74 75 67 66 64 65 60 59 57 58 53 51 48 gneJ7 45 gneJ8 43 41 40 39 37 38 33 32 29 30 31 23 24 26 25
77 76 72 73 79 78
191 188 187 194 196 86 87 81 70 71 72 73 79 78
191 188 187 185 183 181 180 178 177 176 174 171 169 168 166 149 150 151 153 154 155 158 160
191 188 187 185 183 181 180 178 177 176 174 171 169 168 166 167 164 163 198 146 143 141 139 137 136
1 2 3 152 148 147 143 141 139 137 136
1 2 3 4 6 10 11 12 13 158 160
1 2 3 152 148 147 199 162 165 170 172 173 175 179 182 184 186 189 190
1 2 3 152 148 147 143 141 139 137 134 132 129 126 124 122 119 115 114 113
1 2 3 152 148 147 143 141 139 137 134 132 129 126 124 122 119 115 116 108 200 106 104 102 100 95 97
98 96 99 101 103 105 107 109 117 118 121 123 125 127 128 133 135 136
98 96 99 101 103 105 107 109 117 118 120 123 125 127 128 133 135 136
98 96 99 101 103 105 107 109 117 118 121 123 125 127 128 138 140 142 144 145 149 150 151 153 154 155 158 160
98 96 99 101 103 105 107 109 117 118 120 123 125 127 128 138 140 142 144 145 149 150 151 153 154 155 158 160
112 111 110 117 118 121 123 125 127 128 138 140 142 144 145 149 150 151 153 154 155 158 160
98 96 99 101 103 105 107 109 117 118 121 123 125 127 128 138 140 142 144 145 149 150 151 153 154 155 14 8 7 5 4 3 2 1
98 96 99 101 103 105 107 109 117 118 120 123 125 127 128 138 140 142 144 145 149 150 151 153 154 155 14 8 7 5 4 3 2 1
1 2 3 4 6 10 11 15 203 16 17 192 18 19 20 21 22 23 24 26 25
25 26 27 28 29 30 31 22 21 20 19 18 192 17 16 15 12 13 14 8 7 5 4 3 2 1
25 26 27 28 32 33 34 35 36 39 40 41 gneJ4 43 45 gneJ7 48 51 53 54 55 56 59 60 61 62 63 66 67 68 69 70 71 76 77
161 159 2 1
191 188 187 185 183 181 180 178 177 176 174 171 169 168 166 149 150 151 153 154 155 14 8 7 5 4 3 2
161 159 157 156 152 148 147 199 162 165 170 172 173 175 179 182 184 186 189 190
161 159 157 156 152 148 147 143 141 139 137 134 132 129 126 124 122 119 115 116 108 200 106 104 102 100 95 97
161 159 157 156 152 148 147 143 141 139 137 134 132 129 126 124 122 119 115 114 113
130 126 124 122 119 115 114 113
130 126 124 122 119 115 116 108 200 106 104 102 100 95 97
131 138 140 142 144 145 165 170 172 173 175 179 182 184 186 189 190
