13.60
14.63
15.52
52.13
57.93
75.29
84.49
84.88
95.52
107.72
126.75
130.56
132.91
133.59
138.47
144.07
148.06
161.33
168.93
169.04
171.80
178.22
192.70
192.80
216.42
221.36
224.14
237.64
239.36
244.17
258.70
262.22
266.66
283.24
290.44
293.35
297.95
305.94
315.80
333.07
339.12
344.00
349.98
352.48
354.05
369.60
379.95
387.06
395.92
416.91
426.26
455.88
473.92
527.15
539.83
567.89
575.02
588.52
592.77
618.68
625.23
641.32
647.90
660.40
662.60
664.93
672.03
684.13
722.96
734.52
735.74
752.87
754.24
778.54
781.96
785.35
792.34
804.09
808.48
809.87
817.96
833.55
835.86
855.11
869.49
902.67
940.84
943.45
948.94
954.33
961.26
961.27
967.91
969.49
990.12
996.89
1000.56
1012.64
1012.91
1019.57
1021.39
1065.62
1071.10
1104.67
1112.31
1134.20
1143.06
1155.83
1156.49
1168.49
1193.19
1197.75
1205.59
1230.53
1240.27
1240.51
1241.41
1243.83
1245.21
1254.55
1271.78
1277.44
1294.94
1299.35
1312.02
1314.42
1319.89
1339.47
1374.04
1389.67
1431.13
1432.64
1445.07
1453.02
1453.58
1460.37
1489.69
1492.07
1511.49
1513.19
1520.38
1533.47
1535.68
1559.84
1579.40
1598.81
1599.20
1600.96
1626.29
1630.44
1632.80
1649.11
1673.08
1687.23
1687.73
1702.36
1708.82
1709.05
1709.26
1720.57
1723.04
1734.92
1741.01
1745.68
1746.67
1747.35
1748.30
1757.04
1773.82
1774.75
1790.27
1808.83
1828.53
1839.56
1840.05
1849.02
1878.36
1884.29
1894.48
1897.87
1901.38
1909.56
1912.62
1913.38
1926.24
1928.38
1942.00
1945.00
1952.31
1956.45
1959.91
1975.42
1977.57
1977.72
1979.22
1983.78
1989.09
1992.87
2004.35
2011.82
2050.28
2071.58
2071.66
2075.46
2084.58
2087.15
2089.16
2091.10
2094.40
2101.03
2115.46
2122.75
2149.75
2166.59
2174.65
2186.70
2202.05
2211.25
2251.49
2258.16
2272.77
2282.30
2341.23
2365.46
2376.75
2404.78
2407.18
2413.31
2415.55
2416.18
2429.92
2434.78
2438.26
2447.54
2473.52
2483.60
2491.19
2493.15
2493.80
2498.36
2503.45
2511.23
2520.63
2527.08
2527.52
2545.33
2570.49
2576.70
2578.07
2583.90
2586.34
2595.93
2608.14
2614.00
2618.48
2622.80
2652.54
2655.11
2659.73
2663.62
2669.89
2684.03
2692.26
2693.42
2694.30
2708.45
2716.20
2730.92
2738.10
2759.38
2780.10
2785.53
2797.58
2799.74
2826.44
2832.99
2839.35
2839.44
2844.97
2867.26
2873.42
2878.48
2878.55
2879.76
2885.45
2914.29
2916.70
2917.18
2922.73
2951.71
2963.11
2967.79
2976.93
2995.08
2997.53
3006.53
3021.03
3023.21
3023.56
3052.27
3052.51
3063.17
3071.31
3079.86
3112.62
3118.43
3118.79
3126.88
3127.43
3127.90
3130.83
3132.69
3135.57
3154.55
3168.87
3180.46
3196.84
3198.93
3201.44
3208.41
3224.62
3240.92
3242.15
3244.35
3274.97
3290.36
3293.64
3310.97
3315.38
3324.98
3325.85
3327.67
3328.64
3335.08
3336.33
3341.36
3375.06
3376.74
3397.69
3399.92
3401.70
3427.97
3462.33
3463.13
3467.37
3468.61
3470.49
3509.48
3511.33
3512.62
3524.03
3525.67
3527.23
3531.41
3541.54
3544.26
3565.22
3572.38
3576.61
3577.15
3577.54
3583.53
3586.12
3587.28
3587.76
