1.07	49	0
1.27	172	0
2.99	207	0
3.17	189	0
3.19	100	0
3.80	51	0
4.00	205	0
4.17	79	0
4.29	198	0
4.40	54	0
4.84	188	0
7.10	188	0
7.72	182	0
7.85	3	0
8.27	62	0
8.58	18	0
9.26	22	0
10.03	106	0
10.06	189	0
10.19	172	0
10.77	62	0
10.92	189	0
11.07	207	0
11.41	3	0
11.98	201	0
12.31	17	0
12.41	205	0
12.45	94	0
12.76	166	0
13.31	228	0
13.35	19	0
13.94	73	0
14.10	138	0
14.30	90	0
15.13	189	0
15.27	202	0
15.96	189	0
16.41	17	0
16.75	196	0
16.91	73	0
17.30	182	0
17.72	67	0
19.40	88	0
19.74	174	0
19.96	105	0
19.98	108	0
20.93	15	0
21.75	196	0
21.89	17	0
22.18	137	0
23.38	127	0
24.28	138	0
24.49	31	0
24.92	22	0
25.13	106	0
25.49	109	0
25.60	191	0
25.68	197	0
26.15	3	0
26.64	45	0
27.80	90	0
28.10	4	0
28.23	5	0
28.86	195	0
29.93	17	0
29.94	31	0
30.32	89	0
30.61	174	0
30.67	73	0
30.87	52	0
31.01	31	0
31.11	226	0
31.12	17	0
33.17	114	0
33.30	175	0
33.35	75	0
33.49	242	0
34.48	27	0
34.62	5	0
35.00	107	0
35.03	242	0
35.13	174	0
35.20	107	0
37.49	18	0
38.47	17	0
38.55	14	0
38.85	81	0
39.29	26	0
39.70	138	0
39.90	17	0
40.45	237	0
42.15	242	0
42.39	55	0
42.70	107	0
43.08	162	0
43.20	198	0
43.51	107	0
43.57	242	0
44.56	242	0
44.96	188	0
45.37	6	0
45.42	162	0
45.83	102	0
45.84	2	0
47.76	0	0
48.16	202	0
48.21	131	0
48.44	67	0
49.61	5	0
49.76	242	0
51.25	45	0
52.11	227	0
52.56	107	0
52.83	227	0
53.23	138	0
55.61	227	0
56.37	172	0
56.60	33	0
56.96	31	0
57.07	33	0
57.73	113	0
57.82	188	0
57.88	100	0
58.00	188	0
60.56	75	0
61.10	31	0
62.84	162	0
63.17	3	0
64.08	17	0
64.30	172	0
64.92	56	0
66.10	73	0
66.65	114	0
66.79	113	0
67.01	146	0
68.42	242	0
68.58	138	0
69.43	205	0
69.48	114	0
70.27	188	0
70.96	5	0
72.30	204	0
72.55	17	0
72.59	78	0
73.12	64	0
73.51	31	0
73.68	39	0
73.77	17	0
74.07	222	0
74.68	19	0
75.46	242	0
75.48	17	0
75.59	138	0
75.71	18	0
76.26	242	0
76.77	169	0
77.27	189	0
77.41	55	0
77.82	19	0
78.17	157	0
79.23	83	0
80.57	207	0
81.00	138	0
81.53	31	0
82.13	218	0
82.46	185	0
82.74	242	0
83.23	73	0
83.33	80	0
83.37	202	0
83.74	43	0
84.37	237	0
84.91	3	0
85.90	242	0
86.27	227	0
86.41	242	0
86.83	73	0
87.35	74	0
87.94	70	0
88.08	236	0
88.56	162	0
89.23	201	0
89.43	197	0
89.53	188	0
89.79	195	0
91.01	114	0
91.30	108	0
93.37	108	0
93.61	197	0
94.41	136	0
95.12	17	0
95.37	31	0
95.49	201	0
96.87	14	0
97.64	138	0
97.82	100	0
99.57	242	0
100.27	206	0
100.42	227	0
100.69	227	0
100.71	17	0
102.10	52	0
102.25	67	0
102.32	242	0
104.07	108	0
104.65	210	0
104.67	19	0
105.31	188	0
105.49	67	0
106.50	100	0
107.17	14	0
107.20	166	0
107.54	242	0
107.59	18	0
107.77	101	0
108.32	197	0
108.78	52	0
109.18	162	0
109.72	206	0
110.58	175	0
110.76	84	0
111.19	17	0
111.54	51	0
111.81	104	0
112.20	118	0
112.55	197	0
113.59	162	0
113.98	75	0
114.17	67	0
115.02	36	0
116.02	213	0
116.50	195	0
117.32	36	0
117.33	137	0
117.52	17	0
118.63	17	0
119.11	180	0
119.19	17	0
119.70	218	0
119.73	64	0
119.80	198	0
119.88	25	0
120.59	49	0
120.82	56	0
121.67	138	0
122.48	24	0
122.59	55	0
122.79	55	0
122.89	90	0
123.09	227	0
123.73	14	0
124.79	62	0
126.06	87	0
126.34	138	0
127.55	161	0
128.04	130	0
128.20	242	0
128.24	169	0
129.69	5	0
130.22	189	0
130.72	137	0
130.87	164	0
131.22	94	0
131.40	97	0
131.90	227	0
131.97	79	0
132.33	12	0
132.73	67	0
133.22	162	0
133.79	232	0
135.28	31	0
135.54	2	0
135.98	138	0
136.68	31	0
137.01	174	0
138.78	112	0
138.85	242	0
138.88	68	0
138.95	189	0
139.77	80	0
142.75	68	0
143.43	18	0
143.45	210	0
143.53	5	0
143.61	172	0
144.29	57	0
145.24	113	0
145.27	189	0
145.68	24	0
146.12	242	0
146.40	174	0
147.46	189	0
148.11	17	0
148.23	101	0
148.37	188	0
148.53	205	0
148.53	242	0
149.40	5	0
151.74	100	0
152.42	85	0
152.58	73	0
154.99	168	0
156.25	174	0
156.37	82	0
156.46	4	0
156.74	108	0
157.12	31	0
157.62	138	0
157.79	197	0
157.86	68	0
158.30	198	0
158.58	105	0
159.45	189	0
160.68	174	0
160.98	52	0
161.42	73	0
161.77	45	0
161.86	67	0
161.99	31	0
163.17	103	0
163.24	90	0
163.48	33	0
163.51	43	0
163.94	230	0
165.15	4	0
168.33	18	0
168.49	17	0
168.67	230	0
169.20	101	0
169.58	242	0
170.89	90	0
171.12	239	0
172.39	19	0
172.64	9	0
172.88	242	0
173.80	201	0
175.50	228	0
175.53	56	0
175.81	4	0
177.48	3	0
177.72	17	0
177.81	84	0
178.74	88	0
178.80	172	0
179.27	227	0
179.44	24	0
179.64	73	0
179.75	3	0
180.26	205	0
180.61	50	0
180.73	205	0
180.87	18	0
181.61	242	0
181.70	67	0
181.96	45	0
182.22	110	0
182.97	189	0
184.14	227	0
185.36	36	0
186.11	118	0
186.74	227	0
187.85	218	0
188.47	17	0
190.33	31	0
190.45	202	0
190.48	205	0
191.81	3	0
191.89	18	0
191.96	138	0
192.79	17	0
193.12	114	0
193.32	79	0
193.49	106	0
193.98	227	0
194.22	73	0
194.28	170	0
196.65	174	0
197.24	90	0
198.62	217	0
199.19	4	0
199.49	17	0
202.05	202	0
202.23	17	0
204.04	17	0
204.32	19	0
204.64	3	0
205.48	228	0
205.69	64	0
206.42	98	0
206.95	157	0
207.34	189	0
207.66	242	0
209.15	9	0
209.30	17	0
210.45	50	0
211.34	227	0
211.57	74	0
211.96	242	0
212.38	189	0
213.13	73	0
213.22	5	0
214.06	3	0
214.46	138	0
215.07	206	0
216.12	36	0
216.29	197	0
216.96	102	0
217.32	137	0
217.93	188	0
218.82	174	0
220.19	197	0
220.21	242	0
221.56	17	0
222.30	17	0
222.74	49	0
223.06	67	0
223.28	102	0
223.38	1	0
223.60	31	0
223.89	23	0
224.25	62	0
224.66	22	0
225.02	17	0
226.38	21	0
226.40	31	0
226.88	189	0
228.04	17	0
228.68	138	0
228.75	108	0
228.86	79	0
229.83	169	0
230.04	188	0
230.26	213	0
230.28	226	0
230.72	7	0
232.09	76	0
232.82	99	0
233.27	188	0
235.18	63	0
236.13	166	0
236.30	62	0
236.47	242	0
236.49	94	0
236.51	206	0
237.69	105	0
237.86	207	0
238.33	42	0
238.35	5	0
238.56	240	0
238.80	17	0
239.71	17	0
240.26	210	0
240.28	137	0
241.58	137	0
242.55	163	0
242.74	103	0
243.01	213	0
243.77	90	0
243.94	189	0
244.25	201	0
244.63	87	0
245.30	17	0
246.03	52	0
247.17	188	0
247.40	242	0
247.77	175	0
248.27	79	0
248.53	17	0
248.69	228	0
249.16	17	0
249.24	73	0
249.51	174	0
249.59	15	0
250.63	78	0
250.65	124	0
250.88	85	0
250.93	31	0
250.99	45	0
251.27	3	0
251.47	166	0
252.37	65	0
252.60	192	0
252.89	219	0
254.23	172	0
254.47	22	0
255.25	108	0
255.28	172	0
257.01	197	0
257.67	75	0
259.30	113	0
259.42	26	0
259.99	55	0
261.12	23	0
261.68	79	0
262.10	242	0
262.43	17	0
263.26	3	0
263.43	84	0
264.59	188	0
264.83	67	0
265.00	18	0
265.05	3	0
265.19	164	0
265.40	4	0
266.07	31	0
266.99	172	0
267.31	138	0
267.88	36	0
268.14	172	0
268.24	1	0
268.26	74	0
269.00	80	0
269.13	49	0
269.37	73	0
271.44	189	0
271.82	4	0
271.83	17	0
272.41	227	0
272.85	189	0
273.34	80	0
273.45	173	0
273.86	17	0
273.98	219	0
275.15	188	0
275.28	55	0
276.10	43	0
276.76	31	0
277.55	82	0
279.34	197	0
279.97	3	0
280.74	17	0
280.78	242	0
281.13	172	0
281.19	197	0
281.78	228	0
282.74	17	0
283.23	67	0
283.48	242	0
283.59	108	0
283.71	234	0
284.01	17	0
284.62	3	0
284.86	186	0
285.49	17	0
286.17	52	0
286.93	189	0
287.06	188	0
287.20	227	0
287.29	227	0
288.00	222	0
288.00	162	0
288.26	31	0
289.97	52	0
291.28	86	0
291.64	222	0
292.33	45	0
292.37	17	0
292.68	189	0
293.13	95	0
293.53	227	0
294.03	227	0
295.04	205	0
295.38	68	0
296.63	3	0
298.77	201	0
298.79	24	0
299.82	205	0
301.00	18	0
301.04	31	0
301.17	105	0
302.00	174	0
302.11	188	0
302.13	90	0
302.51	18	0
303.05	188	0
303.19	107	0
303.37	188	0
303.52	3	0
303.90	219	0
304.59	201	0
304.94	96	0
305.94	17	0
306.72	49	0
307.38	138	0
307.73	17	0
307.84	66	0
308.35	26	0
308.75	100	0
309.04	227	0
309.59	123	0
310.83	64	0
311.01	205	0
311.08	19	0
311.38	3	0
311.81	31	0
311.90	64	0
312.31	227	0
313.08	4	0
313.54	168	0
314.54	73	0
314.67	17	0
314.78	242	0
315.44	22	0
315.70	53	0
315.76	17	0
315.94	227	0
316.12	242	0
316.54	79	0
316.61	84	0
318.32	25	0
318.48	174	0
320.09	242	0
320.12	82	0
320.33	19	0
320.64	0	0
320.68	17	0
320.92	227	0
321.30	67	0
322.38	5	0
323.12	165	0
323.91	112	0
324.00	3	0
324.06	31	0
324.19	52	0
324.65	90	0
324.98	101	0
325.09	18	0
325.18	113	0
326.40	107	0
326.76	90	0
327.61	164	0
328.09	18	0
328.40	240	0
328.41	67	0
329.18	108	0
329.91	10	0
331.15	17	0
331.87	170	0
332.36	219	0
333.05	20	0
333.44	226	0
333.86	138	0
333.88	201	0
334.79	88	0
334.86	107	0
334.99	19	0
335.12	175	0
335.47	106	0
336.67	78	0
336.81	113	0
338.59	107	0
339.73	17	0
340.54	242	0
340.64	99	0
341.02	189	0
342.25	17	0
342.29	242	0
342.48	90	0
343.31	36	0
343.65	18	0
343.90	80	0
344.92	235	0
345.51	47	0
345.54	197	0
345.94	65	0
346.13	209	0
346.56	31	0
346.68	94	0
347.10	3	0
347.17	223	0
347.55	17	0
347.85	175	0
347.99	103	0
347.99	3	0
348.28	189	0
349.47	65	0
350.12	189	0
350.36	112	0
350.60	173	0
350.98	242	0
351.27	194	0
351.45	166	0
352.56	202	0
352.77	188	0
352.93	113	0
354.17	67	0
354.60	189	0
356.29	112	0
356.80	227	0
357.25	174	0
357.30	227	0
357.77	137	0
358.01	107	0
358.03	3	0
358.05	96	0
358.25	91	0
359.18	31	0
360.95	17	0
361.78	17	0
362.87	242	0
363.29	207	0
363.60	114	0
363.88	4	0
364.69	18	0
364.75	17	0
364.88	162	0
364.91	108	0
365.54	228	0
365.59	162	0
365.76	58	0
366.59	36	0
367.85	137	0
368.54	0	0
368.71	0	0
369.14	196	0
369.21	42	0
369.55	73	0
369.90	157	0
371.25	15	0
371.75	17	0
371.85	5	0
372.54	227	0
372.68	88	0
373.08	188	0
375.61	106	0
375.96	55	0
376.33	84	0
376.49	5	0
376.56	201	0
377.09	113	0
378.41	9	0
378.66	228	0
379.06	3	0
379.11	138	0
379.93	19	0
380.91	24	0
381.01	22	0
382.17	198	0
382.48	196	0
382.57	174	0
382.87	5	0
383.24	202	0
384.91	17	0
385.11	19	0
385.29	242	0
385.97	17	0
386.64	189	0
386.91	50	0
387.21	8	0
387.81	227	0
388.01	93	0
388.03	202	0
388.36	103	0
388.73	215	0
389.03	169	0
389.07	198	0
389.28	67	0
389.55	79	0
389.68	225	0
389.90	90	0
389.94	18	0
392.12	75	0
392.68	202	0
393.29	163	0
393.47	17	0
395.14	242	0
395.27	51	0
395.28	36	0
395.81	138	0
396.93	227	0
397.29	138	0
397.45	227	0
398.69	43	0
398.72	114	0
399.11	11	0
399.97	101	0
400.06	75	0
400.27	4	0
400.97	196	0
401.01	222	0
401.23	106	0
401.39	4	0
401.94	96	0
402.67	184	0
404.17	40	0
404.28	17	0
404.68	67	0
404.90	176	0
406.03	67	0
406.53	138	0
406.59	173	0
407.05	222	0
407.50	9	0
407.56	51	0
407.62	52	0
407.93	0	0
407.95	26	0
408.36	242	0
409.05	162	0
409.74	103	0
411.69	188	0
412.99	90	0
413.32	17	0
413.53	91	0
414.29	175	0
414.36	231	0
414.66	18	0
414.96	69	0
415.17	106	0
415.24	103	0
415.42	105	0
415.78	222	0
415.93	80	0
416.39	83	0
416.57	188	0
416.68	66	0
417.00	209	0
417.25	169	0
417.63	104	0
418.27	175	0
418.75	228	0
418.84	3	0
419.13	17	0
419.42	234	0
420.24	19	0
420.33	31	0
420.47	113	0
420.68	79	0
420.73	64	0
420.73	23	0
421.05	102	0
421.18	67	0
421.46	212	0
421.99	67	0
422.06	197	0
422.20	31	0
423.29	227	0
424.19	227	0
424.68	107	0
424.81	234	0
426.05	202	0
427.06	169	0
427.70	17	0
428.43	174	0
428.69	80	0
428.70	227	0
430.11	242	0
430.30	234	0
430.45	45	0
430.69	178	0
431.33	222	0
432.05	17	0
432.11	96	0
432.13	17	0
432.24	242	0
432.38	32	0
433.42	3	0
433.87	74	0
434.71	138	0
436.00	96	0
436.40	128	0
436.45	176	0
436.49	107	0
436.84	22	0
437.28	5	0
437.45	138	0
437.72	227	0
437.77	106	0
438.23	100	0
438.43	189	0
438.81	215	0
438.81	3	0
438.87	172	0
439.01	4	0
439.60	106	0
440.25	138	0
440.47	242	0
440.66	239	0
441.56	189	0
441.70	17	0
441.75	194	0
441.91	99	0
442.54	87	0
442.55	84	0
442.79	162	0
444.95	201	0
445.15	219	0
445.33	31	0
445.35	138	0
445.46	36	0
445.79	188	0
446.07	6	0
447.05	67	0
447.54	19	0
447.95	101	0
449.00	51	0
449.92	96	0
450.00	197	0
450.20	138	0
450.32	27	0
450.56	4	0
451.02	132	0
451.69	138	0
451.81	31	0
451.83	98	0
451.96	90	0
452.87	194	0
455.52	19	0
458.00	49	0
459.35	177	0
460.58	23	0
460.65	45	0
460.70	31	0
461.07	4	0
461.15	242	0
461.35	16	0
461.47	31	0
461.63	24	0
461.84	114	0
462.05	31	0
463.19	138	0
463.83	71	0
463.89	5	0
464.06	194	0
464.45	3	0
464.47	242	0
464.67	18	0
467.33	3	0
468.04	4	0
468.72	18	0
468.73	73	0
468.75	184	0
469.26	58	0
469.83	198	0
470.19	175	0
472.24	22	0
472.29	19	0
472.31	162	0
472.94	45	0
473.73	102	0
474.41	110	0
474.82	197	0
475.41	219	0
475.47	205	0
477.09	75	0
477.25	177	0
478.42	11	0
479.07	75	0
479.78	100	0
479.88	137	0
479.98	188	0
480.62	47	0
481.53	166	0
481.81	109	0
482.25	137	0
482.53	3	0
482.74	0	0
483.44	17	0
483.95	189	0
485.23	52	0
485.88	84	0
487.44	75	0
487.53	175	0
488.92	17	0
489.99	174	0
490.10	56	0
490.39	191	0
490.51	21	0
490.78	5	0
491.68	84	0
493.15	3	0
493.55	64	0
494.25	196	0
494.88	76	0
495.11	67	0
496.10	138	0
496.66	4	0
497.25	134	0
497.65	17	0
498.29	45	0
498.36	138	0
498.51	227	0
498.65	13	0
498.95	23	0
498.95	202	0
499.92	101	0
500.47	206	0
500.61	10	0
500.70	31	0
501.45	225	0
501.91	11	0
502.42	33	0
502.68	43	0
503.56	174	0
503.98	90	0
504.80	205	0
505.09	43	0
505.37	126	0
506.08	17	0
506.31	31	0
506.60	14	0
506.84	3	0
508.71	86	0
509.30	67	0
509.78	100	0
510.06	188	0
510.42	3	0
510.89	189	0
511.37	242	0
511.41	205	0
512.19	97	0
512.31	44	0
512.47	208	0
513.07	64	0
513.29	17	0
513.80	137	0
514.04	198	0
514.09	174	0
514.11	27	0
514.18	174	0
514.41	172	0
514.64	162	0
514.65	162	0
515.07	17	0
515.54	58	0
515.78	174	0
516.40	166	0
516.53	228	0
517.23	242	0
517.48	84	0
517.74	108	0
518.69	172	0
519.39	82	0
519.41	50	0
519.97	45	0
520.14	227	0
520.20	188	0
520.72	22	0
520.77	4	0
521.80	189	0
522.28	164	0
522.36	17	0
522.38	168	0
522.40	67	0
522.57	17	0
522.81	90	0
522.88	76	0
522.90	67	0
523.22	98	0
523.47	196	0
523.60	17	0
524.05	36	0
525.11	21	0
525.35	194	0
525.47	5	0
526.02	196	0
526.17	19	0
526.37	205	0
526.81	61	0
526.84	242	0
526.98	113	0
527.25	189	0
527.42	31	0
527.55	55	0
527.64	67	0
528.20	109	0
528.22	114	0
529.32	109	0
529.41	27	0
529.68	17	0
531.46	100	0
531.66	3	0
532.38	207	0
534.29	222	0
534.43	105	0
534.82	174	0
535.58	45	0
536.46	67	0
536.48	138	0
536.77	75	0
537.87	18	0
538.23	217	0
541.07	228	0
541.19	227	0
541.45	31	0
541.69	49	0
541.82	242	0
543.21	222	0
543.60	64	0
543.68	31	0
543.80	64	0
544.45	242	0
545.28	31	0
545.42	102	0
546.35	53	0
546.51	24	0
546.77	12	0
547.82	75	0
547.93	164	0
548.24	80	0
548.75	242	0
548.83	17	0
549.23	172	0
549.72	65	0
550.38	189	0
550.52	19	0
551.86	77	0
552.03	17	0
553.31	242	0
553.56	67	0
555.42	17	0
555.71	162	0
556.03	96	0
556.08	67	0
556.82	138	0
557.14	60	0
560.07	51	0
562.49	51	0
563.19	17	0
563.42	4	0
564.60	4	0
564.71	23	0
565.33	3	0
566.35	242	0
566.80	196	0
566.94	74	0
567.68	22	0
567.77	17	0
568.43	108	0
568.52	227	0
568.88	108	0
569.48	222	0
569.66	37	0
569.67	17	0
569.94	66	0
569.99	39	0
570.32	227	0
570.41	17	0
571.07	186	0
571.16	212	0
571.34	222	0
572.46	55	0
572.81	82	0
572.94	17	0
574.05	3	0
575.00	207	0
575.83	31	0
576.59	242	0
576.68	217	0
577.40	98	0
578.00	195	0
579.08	197	0
579.28	90	0
579.43	242	0
579.43	226	0
579.70	92	0
579.94	22	0
580.32	242	0
580.75	137	0
581.35	80	0
581.96	17	0
582.65	17	0
582.92	107	0
583.12	62	0
583.66	18	0
584.54	19	0
585.27	55	0
585.91	3	0
586.55	75	0
586.61	197	0
586.99	197	0
587.39	205	0
588.90	3	0
589.11	68	0
589.73	67	0
590.74	188	0
591.03	164	0
591.50	242	0
592.17	79	0
592.20	31	0
592.68	31	0
593.72	192	0
593.75	75	0
594.85	227	0
597.02	24	0
597.36	50	0
597.39	101	0
599.18	228	0
599.52	52	0
599.70	190	0
601.27	204	0
601.86	219	0
601.99	31	0
602.96	113	0
603.00	172	0
603.20	188	0
603.58	22	0
603.64	79	0
603.69	67	0
603.95	3	0
604.02	96	0
604.32	189	0
604.75	206	0
604.88	80	0
605.74	55	0
605.83	138	0
606.08	228	0
607.22	242	0
608.11	17	0
608.73	52	0
609.66	64	0
610.02	31	0
610.08	49	0
610.14	21	0
610.33	242	0
610.56	216	0
610.88	45	0
611.63	96	0
612.22	166	0
613.56	23	0
614.27	55	0
614.62	31	0
615.09	3	0
615.45	31	0
615.87	73	0
616.03	165	0
616.30	18	0
616.56	69	0
616.71	197	0
616.75	19	0
617.00	17	0
617.05	203	0
617.15	202	0
617.85	4	0
619.01	110	0
619.49	17	0
619.69	205	0
620.69	98	0
621.59	18	0
623.85	48	0
624.10	90	0
624.37	45	0
624.74	3	0
624.92	31	0
625.86	137	0
626.13	31	0
626.33	227	0
627.03	5	0
627.30	200	0
628.64	164	0
628.79	21	0
628.81	202	0
629.55	206	0
629.80	5	0
630.10	108	0
630.56	188	0
630.73	113	0
630.74	41	0
631.21	196	0
631.98	75	0
632.12	138	0
632.49	4	0
632.70	67	0
633.12	104	0
633.45	227	0
633.66	107	0
634.39	174	0
634.79	188	0
635.60	17	0
635.99	227	0
636.13	106	0
636.59	113	0
637.20	17	0
637.43	202	0
637.83	17	0
639.48	205	0
640.30	3	0
640.38	21	0
641.36	96	0
641.67	172	0
641.73	0	0
642.00	227	0
642.47	80	0
642.67	17	0
644.05	174	0
644.90	227	0
645.46	242	0
645.54	90	0
645.61	242	0
645.70	31	0
649.07	106	0
649.52	242	0
650.50	198	0
651.11	92	0
651.37	31	0
651.75	79	0
651.89	39	0
652.08	225	0
652.15	61	0
653.29	31	0
653.70	225	0
654.52	138	0
654.98	49	0
655.11	45	0
655.79	189	0
656.07	227	0
656.49	17	0
657.33	17	0
657.71	218	0
659.74	67	0
660.23	106	0
660.38	57	0
660.41	19	0
661.45	202	0
662.08	189	0
662.11	31	0
662.46	227	0
663.70	31	0
664.74	64	0
665.14	52	0
665.26	162	0
665.60	113	0
665.92	5	0
666.22	41	0
667.01	18	0
667.29	113	0
667.48	225	0
667.64	6	0
668.00	207	0
668.86	67	0
669.17	80	0
669.57	1	0
669.93	172	0
670.30	174	0
670.36	164	0
670.64	17	0
670.89	138	0
671.25	188	0
671.50	164	0
672.08	113	0
672.45	207	0
673.54	138	0
673.67	31	0
673.97	67	0
674.57	193	0
675.19	74	0
675.53	163	0
675.66	201	0
676.06	74	0
676.95	17	0
677.25	107	0
677.50	8	0
678.50	3	0
678.54	189	0
679.18	81	0
680.42	67	0
680.50	64	0
680.62	225	0
680.95	201	0
681.41	174	0
681.54	135	0
681.79	3	0
681.99	31	0
682.79	98	0
682.93	138	0
682.96	166	0
683.61	86	0
684.01	17	0
684.10	0	0
684.19	18	0
685.16	80	0
685.52	0	0
685.83	187	0
686.53	100	0
686.94	227	0
688.01	22	0
688.14	215	0
688.41	213	0
688.50	189	0
689.46	226	0
689.83	17	0
689.87	205	0
690.15	228	0
690.37	79	0
690.90	31	0
691.39	17	0
691.40	80	0
691.52	106	0
691.90	79	0
692.13	27	0
693.40	64	0
693.52	227	0
693.74	90	0
694.05	51	0
694.41	17	0
695.40	228	0
695.60	14	0
697.24	115	0
697.51	83	0
697.63	215	0
698.05	19	0
698.42	17	0
698.43	176	0
699.12	242	0
699.15	163	0
699.30	137	0
699.36	165	0
699.82	227	0
699.94	19	0
700.01	174	0
701.29	173	0
701.42	17	0
704.15	217	0
704.96	205	0
705.08	201	0
705.84	242	0
705.85	242	0
706.27	73	0
706.30	188	0
707.54	196	0
707.69	98	0
708.05	110	0
708.66	67	0
708.69	242	0
708.72	195	0
708.81	0	0
708.88	170	0
708.95	198	0
709.35	200	0
709.74	19	0
710.44	45	0
710.90	188	0
711.17	108	0
712.08	242	0
712.13	109	0
712.74	67	0
712.97	84	0
713.36	103	0
713.71	189	0
713.84	31	0
713.95	80	0
714.34	219	0
715.04	242	0
715.99	38	0
716.01	92	0
717.31	18	0
717.43	188	0
718.11	107	0
718.37	189	0
718.56	222	0
718.70	212	0
718.98	114	0
719.10	225	0
719.57	31	0
721.05	10	0
721.65	96	0
721.66	222	0
722.00	82	0
722.34	108	0
722.43	242	0
722.55	197	0
722.60	138	0
723.20	205	0
724.08	80	0
725.75	188	0
725.91	18	0
726.11	48	0
727.61	5	0
727.63	9	0
729.00	205	0
729.23	57	0
729.50	31	0
729.91	71	0
730.06	242	0
730.41	108	0
731.22	49	0
731.39	56	0
731.89	18	0
731.90	19	0
732.40	17	0
733.21	79	0
733.41	183	0
733.56	67	0
735.12	49	0
735.21	5	0
735.87	31	0
736.16	67	0
736.46	105	0
736.82	31	0
736.96	96	0
737.17	172	0
737.34	107	0
737.51	0	0
737.70	242	0
738.50	25	0
739.13	103	0
739.16	182	0
739.64	101	0
741.40	190	0
742.40	88	0
743.74	17	0
743.92	48	0
744.65	17	0
744.68	108	0
745.11	31	0
746.08	74	0
746.38	188	0
746.47	17	0
746.79	94	0
748.27	196	0
749.90	242	0
750.09	17	0
750.25	207	0
751.20	189	0
751.66	242	0
752.04	91	0
752.99	34	0
753.96	188	0
754.29	164	0
755.25	30	0
756.13	67	0
756.98	0	0
757.48	18	0
757.86	102	0
757.87	192	0
758.35	45	0
758.53	17	0
758.88	82	0
759.06	17	0
759.72	162	0
760.70	9	0
760.98	203	0
761.09	207	0
761.36	3	0
761.38	17	0
761.79	18	0
762.02	208	0
762.96	64	0
764.16	197	0
764.38	5	0
764.95	120	0
765.26	45	0
766.09	188	0
766.25	189	0
766.38	42	0
766.49	188	0
767.03	227	0
767.07	5	0
767.74	126	0
768.04	107	0
768.31	242	0
768.80	48	0
769.63	17	0
770.86	31	0
770.99	65	0
771.01	242	0
771.11	24	0
771.26	207	0
771.70	227	0
771.91	108	0
772.71	242	0
772.81	174	0
773.41	67	0
773.53	36	0
773.88	192	0
774.28	17	0
774.53	137	0
774.74	88	0
775.87	174	0
777.28	18	0
777.82	4	0
778.02	213	0
778.92	67	0
779.18	215	0
779.37	53	0
782.80	114	0
783.09	5	0
783.33	227	0
783.54	101	0
783.65	195	0
783.91	0	0
783.94	242	0
784.85	51	0
784.94	101	0
785.55	79	0
787.08	107	0
787.29	138	0
787.56	105	0
787.77	19	0
787.88	17	0
788.51	167	0
788.98	188	0
789.65	19	0
790.78	227	0
790.82	100	0
792.11	175	0
792.19	55	0
793.23	174	0
793.43	197	0
793.54	242	0
794.10	22	0
794.22	19	0
794.87	242	0
795.78	180	0
796.69	167	0
796.73	5	0
797.12	73	0
798.32	99	0
798.57	138	0
798.63	196	0
798.98	91	0
798.99	227	0
799.07	201	0
799.60	17	0
799.66	108	0
799.72	18	0
799.76	197	0
801.54	78	0
801.95	39	0
803.16	18	0
803.21	31	0
803.46	3	0
805.63	162	0
807.00	17	0
807.54	67	0
807.86	227	0
808.76	225	0
808.97	52	0
809.48	108	0
810.05	188	0
810.52	84	0
810.91	18	0
811.29	228	0
811.85	188	0
812.26	227	0
812.59	227	0
812.76	3	0
812.77	242	0
812.89	113	0
814.72	105	0
814.95	86	0
814.95	112	0
816.99	17	0
817.31	201	0
818.01	103	0
818.08	90	0
818.74	201	0
819.66	219	0
819.72	4	0
820.55	174	0
820.60	138	0
820.98	242	0
821.83	100	0
824.22	113	0
824.50	82	0
825.14	197	0
825.18	17	0
826.33	17	0
826.38	1	0
826.76	98	0
826.96	19	0
827.02	197	0
827.77	56	0
828.61	17	0
829.76	79	0
830.26	138	0
830.75	31	0
831.22	137	0
831.23	17	0
831.40	170	0
831.57	107	0
831.74	189	0
832.88	138	0
832.92	90	0
833.34	22	0
833.74	0	0
834.54	18	0
836.05	73	0
836.19	67	0
836.38	174	0
837.46	17	0
837.68	27	0
837.97	67	0
841.16	64	0
841.52	0	0
842.40	175	0
842.98	31	0
843.28	17	0
843.59	75	0
843.68	242	0
843.71	0	0
844.53	68	0
845.09	17	0
845.82	1	0
846.60	24	0
847.20	165	0
848.50	162	0
848.74	172	0
848.94	174	0
849.05	205	0
849.95	105	0
850.34	3	0
850.39	64	0
850.80	1	0
851.40	45	0
851.99	82	0
852.02	94	0
852.36	17	0
852.72	227	0
853.01	107	0
854.48	174	0
855.23	31	0
855.56	195	0
855.93	225	0
856.09	17	0
857.72	68	0
857.90	17	0
858.00	112	0
860.59	201	0
860.78	138	0
860.81	20	0
860.89	3	0
861.40	214	0
862.78	5	0
862.85	17	0
862.94	4	0
864.18	169	0
865.96	96	0
866.18	22	0
868.64	108	0
869.52	26	0
870.05	3	0
870.27	18	0
870.28	9	0
870.40	176	0
870.42	174	0
870.68	17	0
870.97	194	0
871.11	137	0
872.28	161	0
872.48	28	0
872.54	162	0
873.83	75	0
874.01	180	0
874.44	19	0
874.75	53	0
875.86	181	0
876.35	202	0
876.54	186	0
876.96	202	0
878.14	198	0
878.16	17	0
878.31	17	0
878.77	201	0
878.98	227	0
880.20	108	0
880.35	105	0
880.55	99	0
880.96	227	0
881.23	196	0
881.76	49	0
882.05	49	0
882.22	71	0
882.51	201	0
882.64	9	0
883.45	242	0
884.07	17	0
884.43	44	0
884.50	3	0
884.61	194	0
885.17	138	0
885.31	138	0
885.56	175	0
886.55	99	0
887.31	58	0
887.54	164	0
889.00	174	0
889.45	204	0
891.58	112	0
891.63	73	0
891.96	5	0
892.25	68	0
892.45	189	0
892.98	52	0
893.01	46	0
893.08	75	0
893.44	3	0
893.53	242	0
894.80	67	0
895.11	138	0
895.90	207	0
896.01	100	0
896.32	242	0
897.02	204	0
897.61	75	0
897.93	213	0
898.15	92	0
898.93	52	0
898.94	73	0
899.99	63	0
901.06	242	0
901.07	242	0
901.64	234	0
901.97	205	0
902.06	31	0
902.11	31	0
903.09	42	0
903.56	73	0
904.11	31	0
904.12	79	0
904.57	17	0
906.67	238	0
908.47	108	0
908.75	55	0
909.56	188	0
910.43	211	0
910.90	197	0
912.38	80	0
913.48	31	0
913.79	5	0
915.04	39	0
915.67	164	0
915.72	210	0
916.19	228	0
916.23	75	0
916.36	18	0
917.29	242	0
918.17	90	0
919.33	203	0
919.80	20	0
920.16	205	0
921.25	242	0
921.48	196	0
921.58	242	0
923.40	3	0
923.69	55	0
923.79	75	0
924.35	23	0
924.95	67	0
925.32	36	0
925.91	52	0
925.98	106	0
926.00	1	0
926.17	88	0
926.29	21	0
926.32	3	0
927.10	68	0
927.36	17	0
928.24	107	0
928.46	114	0
928.52	17	0
928.98	207	0
929.69	78	0
929.98	11	0
930.73	174	0
930.87	198	0
931.17	17	0
931.41	207	0
931.55	67	0
931.71	5	0
932.14	242	0
933.67	0	0
933.96	0	0
934.19	138	0
934.21	188	0
934.52	192	0
934.83	202	0
934.98	82	0
935.26	90	0
936.52	227	0
936.56	227	0
936.81	13	0
937.48	172	0
937.65	83	0
938.01	100	0
938.02	3	0
938.41	90	0
938.56	65	0
939.26	17	0
939.49	31	0
940.30	84	0
940.61	242	0
941.45	226	0
941.75	114	0
942.20	101	0
943.35	64	0
943.55	96	0
943.76	50	0
944.79	82	0
945.29	3	0
945.75	113	0
945.97	201	0
946.86	62	0
947.28	197	0
948.21	171	0
948.53	3	0
948.86	188	0
949.37	27	0
949.57	17	0
949.71	188	0
949.82	197	0
949.84	214	0
949.92	228	0
950.13	188	0
951.12	80	0
952.73	76	0
952.74	17	0
953.12	198	0
953.31	64	0
953.82	22	0
954.35	98	0
954.98	137	0
955.16	65	0
955.26	36	0
955.56	198	0
956.39	73	0
956.40	17	0
956.84	177	0
957.48	45	0
958.00	52	0
958.01	222	0
958.78	162	0
959.11	137	0
959.68	52	0
959.88	64	0
959.98	18	0
960.52	5	0
960.55	51	0
960.67	242	0
960.75	67	0
961.76	67	0
961.85	31	0
962.47	79	0
963.25	31	0
963.32	52	0
963.55	189	0
963.66	5	0
963.69	236	0
964.39	31	0
964.82	236	0
964.92	111	0
965.06	162	0
966.08	197	0
966.36	31	0
967.72	189	0
967.99	17	0
969.20	90	0
969.41	179	0
969.51	90	0
970.06	9	0
970.47	25	0
971.01	96	0
971.04	17	0
971.20	24	0
971.27	180	0
972.03	238	0
972.26	198	0
972.43	137	0
972.72	175	0
972.95	204	0
972.99	242	0
973.00	242	0
973.04	197	0
975.26	3	0
975.91	188	0
976.08	239	0
976.16	202	0
977.59	232	0
978.01	90	0
978.73	242	0
978.91	137	0
979.90	17	0
980.13	5	0
980.24	18	0
980.66	197	0
981.89	19	0
983.79	17	0
984.22	17	0
984.55	4	0
984.69	188	0
984.81	113	0
985.41	24	0
985.93	64	0
987.65	31	0
989.19	107	0
989.30	0	0
989.58	201	0
990.11	33	0
990.33	20	0
990.99	17	0
991.43	23	0
991.98	75	0
992.03	201	0
992.52	207	0
993.33	242	0
993.71	222	0
994.09	55	0
994.18	172	0
995.10	174	0
995.17	138	0
996.49	77	0
996.82	138	0
997.23	90	0
997.41	227	0
997.46	101	0
998.16	51	0
998.21	91	0
998.54	189	0
998.66	38	0
998.73	31	0
999.53	225	0
1000.89	62	0
1000.99	196	0
1001.27	188	0
1001.59	100	0
1001.65	98	0
1003.78	227	0
1004.40	108	0
1004.60	74	0
1004.69	31	0
1005.21	26	0
1006.49	17	0
1006.53	17	0
1006.77	88	0
1008.03	222	0
1008.07	196	0
1008.10	17	0
1008.57	225	0
1008.95	197	0
1009.01	79	0
1009.67	206	0
1009.68	31	0
1010.44	242	0
1011.51	197	0
1012.99	202	0
1013.38	102	0
1013.97	17	0
1014.09	222	0
1014.66	17	0
1015.51	189	0
1016.01	205	0
1016.30	227	0
1018.33	189	0
1018.85	227	0
1018.86	33	0
1019.89	228	0
1019.90	3	0
1021.89	5	0
1022.51	188	0
1022.73	31	0
1022.87	10	0
1023.09	102	0
1023.35	67	0
1024.37	31	0
1024.38	201	0
1024.53	66	0
1025.01	242	0
1025.68	3	0
1025.75	227	0
1025.91	242	0
1027.05	202	0
1027.11	31	0
1027.80	10	0
1028.60	205	0
1028.76	90	0
1029.60	15	0
1029.65	198	0
1029.79	112	0
1029.97	190	0
1030.01	67	0
1030.31	82	0
1030.61	74	0
1032.14	104	0
1032.49	74	0
1032.70	67	0
1034.20	5	0
1034.57	17	0
1035.03	104	0
1035.48	201	0
1035.87	17	0
1035.96	101	0
1036.46	219	0
1037.70	67	0
1038.05	194	0
1038.26	222	0
1040.31	226	0
1040.71	187	0
1041.54	196	0
1041.80	165	0
1042.89	91	0
1042.90	108	0
1043.07	19	0
1043.30	196	0
1044.00	5	0
1044.45	4	0
1044.51	223	0
1044.69	18	0
1044.79	222	0
1045.45	113	0
1045.60	172	0
1045.83	227	0
1047.08	113	0
1047.71	100	0
1048.01	62	0
1050.32	216	0
1050.40	207	0
1050.69	77	0
1050.73	5	0
1050.82	100	0
1050.89	3	0
1051.42	18	0
1051.71	110	0
1051.74	179	0
1052.46	73	0
1052.67	189	0
1052.70	31	0
1053.47	216	0
1053.53	91	0
1054.04	31	0
1055.48	176	0
1056.55	198	0
1058.14	98	0
1058.44	112	0
1058.49	101	0
1058.56	215	0
1059.93	164	0
1060.51	67	0
1060.61	17	0
1061.32	8	0
1061.68	162	0
1061.77	18	0
1062.24	196	0
1062.53	172	0
1062.61	3	0
1063.34	138	0
1063.43	73	0
1063.52	31	0
1063.61	17	0
1063.93	18	0
1065.01	190	0
1065.19	3	0
1065.42	188	0
1065.65	52	0
1065.70	73	0
1065.95	188	0
1066.42	102	0
1066.84	172	0
1067.06	219	0
1067.70	4	0
1067.77	31	0
1068.10	67	0
1068.28	57	0
1068.49	205	0
1068.56	17	0
1069.49	5	0
1069.65	188	0
1070.33	90	0
1070.42	67	0
1070.78	125	0
1070.88	24	0
1071.59	15	0
1071.92	75	0
1072.42	19	0
1073.04	227	0
1073.25	242	0
1073.83	64	0
1074.95	138	0
1076.31	189	0
1077.03	73	0
1077.21	172	0
1077.45	31	0
1078.23	242	0
1078.35	0	0
1078.70	56	0
1078.73	19	0
1079.92	84	0
1081.15	29	0
1081.50	82	0
1081.78	31	0
1083.31	45	0
1083.97	172	0
1084.02	162	0
1084.09	79	0
1084.31	90	0
1084.57	192	0
1085.51	23	0
1086.49	52	0
1086.63	71	0
1087.49	168	0
1087.75	188	0
1088.43	18	0
1088.55	242	0
1088.59	3	0
1088.60	198	0
1089.74	198	0
1089.87	17	0
1090.13	19	0
1091.77	188	0
1091.87	73	0
1092.06	23	0
1092.51	198	0
1092.66	100	0
1092.70	227	0
1092.78	92	0
1093.72	33	0
1093.92	5	0
1094.23	49	0
1095.20	17	0
1095.74	90	0
1095.87	205	0
1096.37	107	0
1096.58	31	0
1096.87	31	0
1097.15	227	0
1097.55	189	0
1098.60	3	0
1098.73	242	0
1099.89	55	0
1100.70	107	0
1100.71	189	0
1100.76	110	0
1101.95	137	0
1101.96	5	0
1103.10	111	0
1105.23	101	0
1105.24	108	0
1106.36	212	0
1106.43	194	0
1106.67	170	0
1106.70	137	0
1107.16	90	0
1107.57	96	0
1108.40	90	0
1110.00	225	0
1111.20	106	0
1112.20	119	0
1113.52	113	0
1114.00	23	0
1114.02	172	0
1114.22	162	0
1114.30	17	0
1115.35	64	0
1115.38	66	0
1115.87	189	0
1116.33	2	0
1116.77	18	0
1118.25	235	0
1118.69	0	0
1119.52	196	0
1119.77	77	0
1119.91	43	0
1120.07	198	0
1120.33	205	0
1121.57	184	0
1121.58	137	0
1121.71	198	0
1123.01	14	0
1123.11	205	0
1123.12	102	0
1123.40	161	0
1123.47	56	0
1123.77	189	0
1124.13	242	0
1124.59	4	0
1124.61	189	0
1125.20	17	0
1125.71	17	0
1125.79	242	0
1126.65	80	0
1127.68	219	0
1127.93	237	0
1128.79	45	0
1128.88	198	0
1129.03	207	0
1129.29	73	0
1130.71	242	0
1130.80	90	0
1132.44	189	0
1132.67	202	0
1133.52	106	0
1133.90	68	0
1133.98	236	0
1134.41	171	0
1135.03	230	0
1135.08	205	0
1135.47	93	0
1135.66	192	0
1136.39	90	0
1137.37	180	0
1138.19	12	0
1138.87	90	0
1139.50	107	0
1139.51	23	0
1139.71	189	0
1139.72	242	0
1141.27	197	0
1141.47	79	0
1141.75	201	0
1142.25	75	0
1142.27	230	0
1142.40	242	0
1142.70	242	0
1142.85	79	0
1143.03	227	0
1143.84	197	0
1144.53	164	0
1144.53	172	0
1144.94	67	0
1146.53	17	0
1147.98	48	0
1148.15	188	0
1148.76	198	0
1148.80	201	0
1148.87	67	0
1149.53	174	0
1151.54	219	0
1152.20	32	0
1152.68	216	0
1152.77	96	0
1152.84	162	0
1152.99	132	0
1153.26	218	0
1153.70	26	0
1153.82	227	0
1154.00	242	0
1154.71	201	0
1154.87	227	0
1156.09	197	0
1157.25	31	0
1157.64	78	0
1157.82	162	0
1157.91	14	0
1158.14	3	0
1158.56	0	0
1159.67	76	0
1160.18	227	0
1160.42	17	0
1160.69	17	0
1161.13	19	0
1162.57	242	0
1164.06	75	0
1164.86	81	0
1165.39	17	0
1165.47	67	0
1166.68	162	0
1166.98	27	0
1167.68	17	0
1168.24	1	0
1169.21	67	0
1170.07	242	0
1170.11	172	0
1170.44	33	0
1170.62	17	0
1171.05	66	0
1171.27	87	0
1172.08	237	0
1172.10	242	0
1172.46	195	0
1172.77	242	0
1172.84	222	0
1172.86	174	0
1173.28	75	0
1174.64	31	0
1175.06	31	0
1175.40	137	0
1175.62	83	0
1175.95	4	0
1176.74	17	0
1177.72	242	0
1178.14	13	0
1178.37	205	0
1178.83	18	0
1179.21	8	0
1180.01	74	0
1180.12	225	0
1181.08	106	0
1181.49	197	0
1183.09	82	0
1184.15	17	0
1184.36	3	0
1184.87	201	0
1185.16	113	0
1185.28	17	0
1185.72	137	0
1186.01	124	0
1186.19	224	0
1187.27	17	0
1188.49	17	0
1188.90	242	0
1189.43	73	0
1189.54	80	0
1189.64	202	0
1189.87	67	0
1190.40	18	0
1192.41	205	0
1192.58	0	0
1194.69	88	0
1194.84	19	0
1195.13	105	0
1195.45	45	0
1195.53	107	0
1195.57	188	0
1195.57	188	0
1196.68	138	0
1196.94	4	0
1197.54	103	0
1198.42	50	0
1198.59	174	0
1198.74	202	0
1199.56	242	0
1199.78	71	0
1201.07	3	0
1201.09	188	0
1201.60	17	0
1202.19	23	0
1202.59	67	0
1202.72	101	0
1203.62	169	0
1203.64	5	0
1204.41	221	0
1204.45	23	0
1206.00	17	0
1206.20	188	0
1206.41	64	0
1206.62	190	0
1208.57	17	0
1209.22	67	0
1209.30	174	0
1209.64	172	0
1210.68	202	0
1211.46	188	0
1212.04	186	0
1212.24	101	0
1213.32	5	0
1213.41	22	0
1214.91	138	0
1215.67	242	0
1216.12	31	0
1218.96	18	0
1219.07	138	0
1219.80	242	0
1220.96	77	0
1221.74	101	0
1221.85	75	0
1223.54	17	0
1223.75	204	0
1223.88	70	0
1224.75	108	0
1225.05	227	0
1225.14	4	0
1225.27	87	0
1225.31	4	0
1225.37	242	0
1226.13	82	0
1226.59	3	0
1226.66	53	0
1227.35	188	0
1227.81	189	0
1228.62	79	0
1228.89	67	0
1228.99	18	0
1229.15	189	0
1231.54	85	0
1231.85	201	0
1232.30	52	0
1232.46	1	0
1232.51	8	0
1233.86	3	0
1234.56	1	0
1234.64	74	0
1236.03	17	0
1236.13	242	0
1236.85	174	0
1236.89	3	0
1237.03	231	0
1237.71	3	0
1237.78	175	0
1238.05	72	0
1238.59	17	0
1238.92	228	0
1239.51	189	0
1239.55	189	0
1240.05	242	0
1240.29	174	0
1240.40	80	0
1241.29	172	0
1241.60	188	0
1242.24	213	0
1242.45	17	0
1243.00	46	0
1244.48	31	0
1244.61	189	0
1244.65	100	0
1245.10	51	0
1245.10	198	0
1245.92	65	0
1246.23	14	0
1247.00	105	0
1247.20	164	0
1247.47	90	0
1248.48	3	0
1248.84	174	0
1249.25	30	0
1249.50	79	0
1250.16	162	0
1250.68	101	0
1251.69	45	0
1251.90	204	0
1253.27	226	0
1253.56	45	0
1253.63	67	0
1254.50	197	0
1254.90	90	0
1255.02	105	0
1255.22	227	0
1255.34	29	0
1255.72	207	0
1255.96	174	0
1256.45	197	0
1256.85	201	0
1256.94	138	0
1257.75	225	0
1257.93	242	0
1257.96	88	0
1258.41	188	0
1258.42	11	0
1258.54	67	0
1258.90	21	0
1259.00	213	0
1259.62	22	0
1260.23	205	0
1260.41	114	0
1260.67	17	0
1260.69	31	0
1260.76	228	0
1261.09	227	0
1263.08	5	0
1263.60	188	0
1263.63	0	0
1264.91	175	0
1265.26	67	0
1265.33	232	0
1265.64	188	0
1265.97	4	0
1267.12	64	0
1267.53	67	0
1268.71	90	0
1269.06	228	0
1269.34	205	0
1269.69	170	0
1269.78	23	0
1269.86	33	0
1269.92	25	0
1271.16	17	0
1271.38	96	0
1271.88	242	0
1271.93	237	0
1272.75	50	0
1272.89	75	0
1272.91	75	0
1272.97	183	0
1273.07	19	0
1273.93	242	0
1274.03	18	0
1274.07	170	0
1274.30	194	0
1274.48	22	0
1274.71	22	0
1276.20	131	0
1276.50	64	0
1276.84	82	0
1278.09	134	0
1278.38	188	0
1279.27	208	0
1279.46	19	0
1279.64	4	0
1280.00	107	0
1281.51	174	0
1282.07	94	0
1282.33	189	0
1282.75	67	0
1284.19	17	0
1285.12	74	0
1285.72	127	0
1286.21	3	0
1286.67	74	0
1286.88	64	0
1286.95	67	0
1287.01	23	0
1287.21	67	0
1287.76	227	0
1288.19	166	0
1288.68	107	0
1288.93	227	0
1289.89	236	0
1290.07	205	0
1290.29	31	0
1290.32	188	0
1291.95	17	0
1292.17	67	0
1292.23	73	0
1292.39	101	0
1292.42	0	0
1292.67	76	0
1293.03	188	0
1293.05	114	0
1293.11	17	0
1293.24	204	0
1293.40	75	0
1293.52	216	0
1293.82	17	0
1294.70	31	0
1295.57	67	0
1296.20	18	0
1296.57	107	0
1296.67	188	0
1297.08	52	0
1297.61	189	0
1297.83	101	0
1297.95	138	0
1298.52	208	0
1298.78	19	0
1299.71	113	0
1299.94	110	0
1300.32	114	0
1300.35	17	0
1301.33	75	0
1301.34	137	0
1301.54	49	0
1301.76	67	0
1302.65	90	0
1303.50	76	0
1304.89	90	0
1305.29	43	0
1306.14	174	0
1306.43	98	0
1306.58	227	0
1307.10	4	0
1307.26	36	0
1307.96	75	0
1308.36	232	0
1308.42	138	0
1309.34	17	0
1309.97	174	0
1310.07	67	0
1310.27	103	0
1310.36	24	0
1310.36	90	0
1310.89	88	0
1311.51	49	0
1312.20	208	0
1312.57	242	0
1313.28	18	0
1314.26	17	0
1314.45	162	0
1314.94	138	0
1315.69	3	0
1316.17	16	0
1317.56	75	0
1317.75	116	0
1318.48	5	0
1319.27	107	0
1321.07	227	0
1321.09	205	0
1321.43	97	0
1322.32	47	0
1322.71	98	0
1322.92	0	0
1323.15	138	0
1323.48	31	0
1325.15	4	0
1325.21	22	0
1325.76	52	0
1325.88	192	0
1326.42	162	0
1326.50	86	0
1326.96	217	0
1328.02	191	0
1328.03	85	0
1329.59	227	0
1329.99	227	0
1330.70	166	0
1332.78	174	0
1332.81	90	0
1333.13	172	0
1333.26	181	0
1334.02	189	0
1334.12	17	0
1334.17	138	0
1334.43	222	0
1334.59	17	0
1335.39	242	0
1336.04	77	0
1338.06	137	0
1340.38	236	0
1340.57	58	0
1340.65	43	0
1341.25	19	0
1341.85	237	0
1342.81	17	0
1343.71	176	0
1344.00	107	0
1344.23	107	0
1344.82	17	0
1345.52	201	0
1347.07	179	0
1348.11	113	0
1348.36	189	0
1348.62	138	0
1348.75	188	0
1349.10	86	0
1349.16	31	0
1350.07	198	0
1350.21	17	0
1350.26	55	0
1350.40	22	0
1351.77	227	0
1351.81	4	0
1351.99	227	0
1351.99	201	0
1352.18	201	0
1352.36	8	0
1352.87	3	0
1353.09	189	0
1354.39	17	0
1354.55	4	0
1354.82	25	0
1354.97	88	0
1355.09	242	0
1355.45	37	0
1355.70	197	0
1355.75	242	0
1356.12	3	0
1356.20	91	0
1356.69	209	0
1357.79	45	0
1358.25	166	0
1359.13	175	0
1359.41	31	0
1359.65	138	0
1359.75	227	0
1359.75	234	0
1360.17	201	0
1360.70	175	0
1361.04	96	0
1361.46	102	0
1361.54	11	0
1361.83	197	0
1362.08	69	0
1362.29	62	0
1362.85	90	0
1362.88	64	0
1363.70	67	0
1364.50	31	0
1365.17	55	0
1366.60	227	0
1366.93	3	0
1367.28	0	0
1367.76	242	0
1367.94	162	0
1368.26	205	0
1368.60	17	0
1368.79	219	0
1369.03	8	0
1369.38	77	0
1369.39	3	0
1369.43	18	0
1369.98	3	0
1371.43	57	0
1372.20	96	0
1372.82	17	0
1373.43	227	0
1373.63	227	0
1374.25	207	0
1375.13	74	0
1375.23	18	0
1376.21	28	0
1376.45	108	0
1377.12	50	0
1378.79	138	0
1379.37	17	0
1381.06	4	0
1381.88	49	0
1382.02	83	0
1382.89	189	0
1382.93	138	0
1383.18	166	0
1383.22	10	0
1383.39	82	0
1383.87	117	0
1384.66	195	0
1385.26	83	0
1385.91	82	0
1387.26	188	0
1387.41	75	0
1388.43	53	0
1388.49	242	0
1389.04	90	0
1389.27	75	0
1389.31	227	0
1390.08	64	0
1390.35	31	0
1390.54	197	0
1391.15	43	0
1391.18	36	0
1392.25	80	0
1392.36	207	0
1392.70	17	0
1393.14	3	0
1394.13	101	0
1394.38	3	0
1394.44	227	0
1394.89	242	0
1395.60	189	0
1396.75	105	0
1397.58	198	0
1398.19	189	0
1398.32	124	0
1398.34	46	0
1399.45	242	0
1400.20	90	0
1400.22	0	0
1400.51	106	0
1400.79	242	0
1401.16	188	0
1402.85	17	0
1402.98	102	0
1403.49	112	0
1403.72	17	0
1404.15	227	0
1404.69	228	0
1406.20	226	0
1406.36	204	0
1407.90	48	0
1407.95	19	0
1410.42	138	0
1411.02	22	0
1411.02	98	0
1411.16	114	0
1411.28	52	0
1411.39	96	0
1411.45	96	0
1411.99	17	0
1412.09	26	0
1412.38	107	0
1412.56	98	0
1412.74	19	0
1413.30	75	0
1413.52	19	0
1413.66	90	0
1413.69	100	0
1413.80	242	0
1414.35	241	0
1415.81	228	0
1415.89	5	0
1417.14	242	0
1417.68	91	0
1417.73	24	0
1417.84	64	0
1418.78	19	0
1419.50	107	0
1419.67	31	0
1419.69	196	0
1419.91	55	0
1420.15	67	0
1421.14	242	0
1421.70	0	0
1422.93	31	0
1423.65	97	0
1425.10	162	0
1425.42	31	0
1426.84	5	0
1428.26	5	0
1428.39	164	0
1428.57	31	0
1428.68	164	0
1430.26	65	0
1431.15	174	0
1431.45	23	0
1431.53	198	0
1431.84	36	0
1432.06	49	0
1432.60	215	0
1433.18	17	0
1433.91	80	0
1434.56	85	0
1434.61	138	0
1434.70	36	0
1434.88	205	0
1435.95	27	0
1437.26	29	0
1437.49	26	0
1437.97	242	0
1438.97	3	0
1441.00	188	0
1441.03	138	0
1441.06	32	0
1442.43	0	0
1442.71	1	0
1442.78	205	0
1442.83	171	0
1443.03	22	0
1443.71	242	0
1445.28	201	0
1445.42	162	0
1445.80	34	0
1446.18	45	0
1446.24	19	0
1446.66	188	0
1446.69	185	0
1449.09	111	0
1449.19	229	0
1449.30	9	0
1449.80	75	0
1450.53	67	0
1452.32	20	0
1454.02	105	0
1454.70	170	0
1454.71	13	0
1455.23	242	0
1455.71	182	0
1456.98	67	0
1457.86	219	0
1458.29	18	0
1458.90	204	0
1459.16	22	0
1459.23	206	0
1459.68	67	0
1459.68	30	0
1459.89	96	0
1459.93	17	0
1460.08	64	0
1460.18	100	0
1460.36	2	0
1460.55	3	0
1460.86	242	0
1462.02	45	0
1462.17	138	0
1462.31	82	0
1462.97	58	0
1463.26	4	0
1463.39	73	0
1463.50	96	0
1463.55	226	0
1463.64	174	0
1464.89	138	0
1465.58	164	0
1465.74	137	0
1465.89	195	0
1466.34	64	0
1466.76	166	0
1467.64	198	0
1467.73	124	0
1467.82	67	0
1468.28	189	0
1468.87	31	0
1469.27	17	0
1469.53	175	0
1471.00	31	0
1471.58	21	0
1471.78	31	0
1471.83	69	0
1472.01	227	0
1472.23	19	0
1472.31	113	0
1472.44	17	0
1472.86	242	0
1473.35	123	0
1474.73	53	0
1476.37	3	0
1476.92	67	0
1476.93	90	0
1477.24	106	0
1477.65	207	0
1478.22	3	0
1478.51	31	0
1478.54	18	0
1478.87	36	0
1478.89	90	0
1480.46	188	0
1480.95	36	0
1481.05	73	0
1481.70	201	0
1482.21	17	0
1483.43	189	0
1483.92	242	0
1484.40	242	0
1484.44	38	0
1484.54	242	0
1484.73	3	0
1484.91	79	0
1485.52	90	0
1485.86	166	0
1486.10	28	0
1487.06	8	0
1487.85	3	0
1488.47	0	0
1488.82	90	0
1489.02	82	0
1489.15	108	0
1489.34	31	0
1489.58	167	0
1490.26	5	0
1490.62	60	0
1490.72	202	0
1491.36	5	0
1492.07	240	0
1492.28	87	0
1492.46	18	0
1492.49	219	0
1493.26	162	0
1493.52	235	0
1495.07	75	0
1495.24	18	0
1495.34	189	0
1495.42	196	0
1496.10	242	0
1497.25	105	0
1497.35	225	0
1497.67	79	0
1498.26	17	0
1498.76	67	0
1498.93	17	0
1499.16	229	0
1499.23	20	0
1499.79	242	0
1499.83	3	0
1501.02	19	0
1501.63	242	0
1502.23	18	0
1502.43	227	0
1502.51	67	0
1502.61	84	0
1503.11	205	0
1503.76	242	0
1503.81	233	0
1504.16	33	0
1504.22	67	0
1504.24	5	0
1504.80	138	0
1504.86	19	0
1504.96	4	0
1507.61	242	0
1507.68	17	0
1507.80	202	0
1508.13	227	0
1508.59	227	0
1508.79	138	0
1509.26	197	0
1509.98	138	0
1510.19	17	0
1510.78	172	0
1510.98	197	0
1511.35	31	0
1512.69	178	0
1512.87	36	0
1514.05	113	0
1514.41	0	0
1514.41	107	0
1514.41	113	0
1514.66	189	0
1516.49	5	0
1516.58	114	0
1516.90	206	0
1517.09	18	0
1517.32	138	0
1517.76	200	0
1518.92	87	0
1519.60	197	0
1520.32	189	0
1521.82	79	0
1521.99	3	0
1522.00	36	0
1522.36	205	0
1522.78	242	0
1523.35	33	0
1524.00	162	0
1524.32	20	0
1524.59	242	0
1524.62	189	0
1524.73	242	0
1525.67	112	0
1525.72	55	0
1526.01	83	0
1527.44	203	0
1527.45	76	0
1527.77	2	0
1528.96	9	0
1529.14	19	0
1529.25	242	0
1529.26	107	0
1529.27	197	0
1529.80	222	0
1530.66	186	0
1531.00	222	0
1531.18	19	0
1531.24	197	0
1531.34	64	0
1531.52	84	0
1533.01	17	0
1533.52	90	0
1533.53	0	0
1536.05	90	0
1536.55	96	0
1537.63	242	0
1538.65	174	0
1539.45	112	0
1539.71	77	0
1539.76	93	0
1539.85	105	0
1540.18	3	0
1541.37	179	0
1541.92	31	0
1542.07	197	0
1542.12	22	0
1542.13	166	0
1542.24	66	0
1543.86	242	0
1545.38	178	0
1546.01	0	0
1547.85	195	0
1548.94	242	0
1549.31	174	0
1549.33	228	0
1549.81	174	0
1549.90	101	0
1549.91	189	0
1550.22	66	0
1550.41	67	0
1550.47	67	0
1550.75	4	0
1550.85	18	0
1551.33	242	0
1551.46	227	0
1551.52	38	0
1551.69	3	0
1552.09	90	0
1553.33	189	0
1553.46	90	0
1554.87	17	0
1554.98	242	0
1555.79	240	0
1556.19	138	0
1556.25	74	0
1556.34	219	0
1556.64	67	0
1557.91	33	0
1558.43	137	0
1558.73	67	0
1558.97	242	0
1559.50	64	0
1560.00	33	0
1561.08	212	0
1562.33	137	0
1563.55	75	0
1564.93	234	0
1565.23	17	0
1565.72	31	0
1566.07	242	0
1567.55	17	0
1567.73	189	0
1568.23	19	0
1568.31	222	0
1568.94	221	0
1569.23	226	0
1569.30	67	0
1569.74	166	0
1569.92	67	0
1570.43	242	0
1570.45	99	0
1570.72	198	0
1570.83	82	0
1571.38	17	0
1572.16	242	0
1572.45	189	0
1573.34	122	0
1573.44	55	0
1573.62	227	0
1574.80	227	0
1574.86	198	0
1575.02	101	0
1575.36	64	0
1575.69	194	0
1575.73	50	0
1576.36	138	0
1576.72	77	0
1577.51	18	0
1577.75	22	0
1578.61	189	0
1578.80	137	0
1578.90	24	0
1578.92	52	0
1578.99	189	0
1579.48	197	0
1580.71	62	0
1581.96	90	0
1582.37	172	0
1582.50	36	0
1582.78	227	0
1584.18	137	0
1584.37	14	0
1584.98	242	0
1585.14	17	0
1585.68	197	0
1587.05	75	0
1587.59	242	0
1587.71	189	0
1588.35	45	0
1588.67	44	0
1589.81	31	0
1591.77	188	0
1592.22	242	0
1592.32	203	0
1593.84	205	0
1593.91	138	0
1594.86	3	0
1595.62	5	0
1596.01	197	0
1596.76	110	0
1597.16	93	0
1597.38	98	0
1597.69	196	0
1598.33	84	0
1598.84	3	0
1599.14	223	0
1599.68	138	0
1600.27	242	0
1601.47	101	0
1601.68	196	0
1601.69	201	0
1601.80	197	0
1602.17	94	0
1602.56	10	0
1602.56	3	0
1602.76	9	0
1603.31	195	0
1603.33	98	0
1603.71	64	0
1604.25	205	0
1604.50	14	0
1605.02	17	0
1605.57	108	0
1605.58	107	0
1605.93	19	0
1606.53	194	0
1607.48	212	0
1608.83	88	0
1608.98	227	0
1609.13	205	0
1609.43	242	0
1609.52	110	0
1609.95	17	0
1611.10	235	0
1611.33	25	0
1611.54	226	0
1611.65	26	0
1612.03	19	0
1612.63	106	0
1612.70	90	0
1612.70	203	0
1613.14	138	0
1613.40	138	0
1613.69	0	0
1613.80	242	0
1614.05	125	0
1615.34	17	0
1618.16	137	0
1618.58	189	0
1618.94	96	0
1619.25	67	0
1619.75	31	0
1621.03	15	0
1621.04	36	0
1621.05	80	0
1621.06	186	0
1621.06	239	0
1622.62	112	0
1623.43	3	0
1623.44	188	0
1623.51	11	0
1623.94	234	0
1624.69	138	0
1626.45	242	0
1627.49	174	0
1627.54	205	0
1627.64	110	0
1627.67	52	0
1627.78	75	0
1628.51	17	0
1629.64	175	0
1630.55	38	0
1630.65	113	0
1630.68	66	0
1631.73	88	0
1632.27	103	0
1632.40	62	0
1632.50	107	0
1632.87	3	0
1633.59	105	0
1634.03	75	0
1634.20	213	0
1634.71	187	0
1635.30	15	0
1635.87	188	0
1636.23	21	0
1636.32	242	0
1636.55	138	0
1636.97	227	0
1639.22	198	0
1640.28	4	0
1642.15	90	0
1642.70	242	0
1643.16	61	0
1643.33	86	0
1644.47	57	0
1644.63	18	0
1646.14	31	0
1646.36	22	0
1646.66	202	0
1647.09	92	0
1647.27	90	0
1647.45	182	0
1647.64	31	0
1647.77	174	0
1648.10	17	0
1648.23	138	0
1648.38	101	0
1648.70	1	0
1650.43	169	0
1650.47	188	0
1650.89	20	0
1651.08	172	0
1651.25	175	0
1651.54	242	0
1651.87	194	0
1651.93	194	0
1652.30	90	0
1652.39	174	0
1652.79	18	0
1653.35	113	0
1654.23	242	0
1654.35	227	0
1654.40	189	0
1654.40	29	0
1656.06	110	0
1656.29	172	0
1656.45	170	0
1657.02	90	0
1657.76	37	0
1657.78	31	0
1657.85	113	0
1659.12	166	0
1659.21	17	0
1659.31	31	0
1661.09	4	0
1662.41	106	0
1663.52	49	0
1664.41	83	0
1664.76	64	0
1665.27	170	0
1665.94	52	0
1666.14	205	0
1666.50	225	0
1666.82	3	0
1666.99	242	0
1667.08	138	0
1667.63	242	0
1669.92	213	0
1670.28	97	0
1670.88	100	0
1671.58	207	0
1672.19	11	0
1672.71	19	0
1672.90	0	0
1673.50	3	0
1673.86	201	0
1674.78	197	0
1677.13	207	0
1678.04	242	0
1678.41	189	0
1679.00	201	0
1679.08	67	0
1679.18	196	0
1679.20	18	0
1679.49	58	0
1679.61	242	0
1679.64	227	0
1679.99	36	0
1680.32	228	0
1681.07	242	0
1682.24	31	0
1682.46	221	0
1682.61	62	0
1682.82	17	0
1683.25	242	0
1683.33	242	0
1685.06	174	0
1686.10	114	0
1686.38	54	0
1687.45	189	0
1689.67	108	0
1690.47	201	0
1690.57	205	0
1690.72	242	0
1692.48	3	0
1692.55	75	0
1692.86	202	0
1693.35	67	0
1694.22	164	0
1694.62	53	0
1695.10	108	0
1695.55	50	0
1695.59	17	0
1697.30	188	0
1697.53	51	0
1698.03	90	0
1698.27	226	0
1698.50	197	0
1699.00	22	0
1700.64	90	0
1702.19	242	0
1702.22	113	0
1702.62	228	0
1702.70	242	0
1702.84	102	0
1702.92	173	0
1704.02	5	0
1704.68	27	0
1704.71	189	0
1704.95	44	0
1705.91	33	0
1705.94	108	0
1706.06	201	0
1706.79	188	0
1707.34	90	0
1707.41	3	0
1707.55	5	0
1707.56	84	0
1707.81	205	0
1708.26	90	0
1708.45	90	0
1709.38	137	0
1709.57	43	0
1710.00	80	0
1711.43	17	0
1712.17	196	0
1713.21	109	0
1713.33	19	0
1713.59	5	0
1713.65	19	0
1714.20	74	0
1714.72	17	0
1717.36	36	0
1718.95	108	0
1719.49	3	0
1720.00	44	0
1720.01	108	0
1720.57	108	0
1721.01	49	0
1721.85	138	0
1722.60	189	0
1722.73	5	0
1723.07	197	0
1724.35	242	0
1724.63	14	0
1725.08	172	0
1725.18	242	0
1725.40	137	0
1725.87	101	0
1726.00	90	0
1726.91	86	0
1726.96	39	0
1726.98	26	0
1727.30	76	0
1727.50	67	0
1728.87	76	0
1729.11	107	0
1729.54	242	0
1729.63	227	0
1729.71	172	0
1730.06	4	0
1730.46	242	0
1730.48	22	0
1730.63	196	0
1730.68	242	0
1730.80	67	0
1730.84	25	0
1731.22	49	0
1731.22	137	0
1731.26	170	0
1731.54	227	0
1731.56	31	0
1731.81	31	0
1731.95	4	0
1732.09	17	0
1732.19	109	0
1733.42	20	0
1733.64	202	0
1733.77	136	0
1733.96	227	0
1734.55	215	0
1734.76	17	0
1734.84	213	0
1735.21	19	0
1736.63	107	0
1737.38	242	0
1737.41	18	0
1738.46	101	0
1738.90	80	0
1739.33	41	0
1739.47	4	0
1741.01	189	0
1741.05	22	0
1741.06	17	0
1741.13	68	0
1741.63	109	0
1742.64	114	0
1742.80	108	0
1744.11	51	0
1744.36	31	0
1745.28	110	0
1745.32	3	0
1745.98	17	0
1746.30	29	0
1746.44	90	0
1746.56	114	0
1746.61	107	0
1746.67	90	0
1746.92	3	0
1747.59	64	0
1747.68	138	0
1747.97	103	0
1748.18	113	0
1748.56	86	0
1749.07	239	0
1749.16	105	0
1749.71	174	0
1749.71	73	0
1750.10	227	0
1750.66	55	0
1750.78	75	0
1750.85	189	0
1751.29	220	0
1751.79	242	0
1753.67	98	0
1754.22	138	0
1754.31	217	0
1755.43	113	0
1756.23	138	0
1756.32	4	0
1758.18	5	0
1758.67	188	0
1760.21	227	0
1760.63	17	0
1760.90	22	0
1761.34	4	0
1762.29	228	0
1763.48	103	0
1763.63	0	0
1765.53	58	0
1765.96	68	0
1766.24	197	0
1766.58	19	0
1768.15	101	0
1768.19	108	0
1768.44	197	0
1768.60	3	0
1769.31	50	0
1771.03	17	0
1772.78	53	0
1773.07	19	0
1773.45	114	0
1774.03	172	0
1775.54	242	0
1775.94	197	0
1777.46	191	0
1777.47	162	0
1778.70	197	0
1778.73	222	0
1778.81	120	0
1778.85	227	0
1779.74	111	0
1779.93	14	0
1781.64	75	0
1781.74	188	0
1782.02	177	0
1782.23	5	0
1782.69	5	0
1782.99	19	0
1785.71	174	0
1787.71	176	0
1788.47	24	0
1788.71	113	0
1789.29	19	0
1789.76	27	0
1789.87	174	0
1789.92	227	0
1790.10	19	0
1790.71	82	0
1790.89	19	0
1791.03	112	0
1791.93	207	0
1792.58	242	0
1793.30	98	0
1794.04	10	0
1795.76	205	0
1796.08	74	0
1796.09	67	0
1796.32	65	0
1796.34	114	0
1796.80	1	0
1797.71	225	0
1801.01	17	0
1801.04	174	0
1802.00	3	0
1802.45	90	0
1802.73	90	0
1803.99	227	0
1804.32	10	0
1805.03	18	0
1805.19	163	0
1805.75	174	0
1805.85	195	0
1806.30	170	0
1806.69	100	0
1807.48	17	0
1808.41	19	0
1809.63	197	0
1809.96	114	0
1809.96	17	0
1809.97	19	0
1810.27	205	0
1810.84	97	0
1811.11	58	0
1811.55	196	0
1812.24	227	0
1812.69	138	0
1814.01	164	0
1814.10	66	0
1814.75	17	0
1815.73	3	0
1816.73	218	0
1817.11	228	0
1818.20	202	0
1818.54	242	0
1818.92	90	0
1819.62	138	0
1819.76	67	0
1819.86	138	0
1820.16	55	0
1820.19	172	0
1820.99	17	0
1821.05	202	0
1821.24	216	0
1822.01	242	0
1822.19	196	0
1823.21	110	0
1823.30	172	0
1824.03	197	0
1824.34	174	0
1824.82	11	0
1824.97	90	0
1825.51	205	0
1825.55	188	0
1825.69	222	0
1826.32	162	0
1826.55	17	0
1826.72	3	0
1826.93	90	0
1827.26	73	0
1827.58	186	0
1827.70	48	0
1827.89	196	0
1828.56	26	0
1829.02	174	0
1829.09	202	0
1829.86	5	0
1830.89	197	0
1830.99	205	0
1832.39	220	0
1832.40	198	0
1833.11	196	0
1833.25	80	0
1834.55	227	0
1835.45	242	0
1836.26	209	0
1836.40	17	0
1836.59	19	0
1837.65	5	0
1838.01	82	0
1840.18	242	0
1840.25	31	0
1840.27	17	0
1840.33	64	0
1840.53	3	0
1842.80	189	0
1843.03	101	0
1843.04	107	0
1844.37	22	0
1844.67	79	0
1845.34	101	0
1846.20	90	0
1846.78	31	0
1847.57	90	0
1847.57	17	0
1847.67	17	0
1847.88	225	0
1847.91	226	0
1848.15	68	0
1848.84	9	0
1849.89	103	0
1850.04	172	0
1851.41	227	0
1851.42	75	0
1851.92	3	0
1852.64	198	0
1852.75	52	0
1853.43	227	0
1853.87	198	0
1853.92	22	0
1854.61	3	0
1854.96	98	0
1855.47	64	0
1855.72	201	0
1855.84	67	0
1857.03	189	0
1857.59	90	0
1858.30	227	0
1858.46	242	0
1858.55	43	0
1858.62	205	0
1859.44	188	0
1859.52	227	0
1859.90	129	0
1861.00	57	0
1861.01	242	0
1861.19	31	0
1861.28	176	0
1861.59	138	0
1862.35	17	0
1862.99	194	0
1863.04	172	0
1863.17	100	0
1864.33	174	0
1864.45	105	0
1864.45	67	0
1864.75	201	0
1864.90	171	0
1865.34	31	0
1866.90	207	0
1867.33	189	0
1868.34	188	0
1868.54	17	0
1868.61	178	0
1868.64	67	0
1869.12	138	0
1869.17	242	0
1869.66	242	0
1869.99	98	0
1870.59	92	0
1871.06	75	0
1871.38	207	0
1871.91	189	0
1871.94	36	0
1872.56	79	0
1873.21	14	0
1874.06	67	0
1874.20	138	0
1874.44	162	0
1874.67	189	0
1875.38	18	0
1877.04	31	0
1877.65	17	0
1877.68	196	0
1877.89	19	0
1878.59	49	0
1878.86	3	0
1879.00	67	0
1879.06	87	0
1879.48	172	0
1879.56	5	0
1879.72	102	0
1881.51	189	0
1881.75	33	0
1882.26	102	0
1882.91	162	0
1882.98	21	0
1883.29	138	0
1883.45	11	0
1884.13	198	0
1884.38	242	0
1884.48	242	0
1885.75	198	0
1886.00	17	0
1886.57	33	0
1888.00	82	0
1888.10	31	0
1888.21	242	0
1889.19	101	0
1889.26	52	0
1889.41	17	0
1889.79	18	0
1889.83	92	0
1890.28	76	0
1890.42	138	0
1891.43	90	0
1892.06	189	0
1892.28	8	0
1892.51	17	0
1893.75	235	0
1894.24	90	0
1894.95	90	0
1896.08	192	0
1896.44	242	0
1897.62	205	0
1898.32	219	0
1898.51	75	0
1899.38	67	0
1899.63	108	0
1900.72	189	0
1901.03	64	0
1901.15	45	0
1901.17	108	0
1901.39	4	0
1901.84	101	0
1902.57	108	0
1902.87	14	0
1902.96	48	0
1902.98	198	0
1903.40	67	0
1904.18	90	0
1904.24	73	0
1904.29	18	0
1904.58	70	0
1904.73	188	0
1905.10	197	0
1905.33	188	0
1905.34	24	0
1906.63	174	0
1907.11	225	0
1907.31	21	0
1909.22	62	0
1909.32	164	0
1909.67	195	0
1909.95	108	0
1910.70	203	0
1910.72	17	0
1911.68	109	0
1911.85	51	0
1912.26	86	0
1912.96	138	0
1914.12	31	0
1914.18	162	0
1915.12	54	0
1915.24	107	0
1915.40	3	0
1915.41	33	0
1915.45	101	0
1915.47	174	0
1916.71	108	0
1917.10	49	0
1917.21	55	0
1917.42	201	0
1917.80	162	0
1919.48	201	0
1919.85	26	0
1921.04	10	0
1921.05	196	0
1921.17	99	0
1921.34	189	0
1921.61	19	0
1921.86	53	0
1921.96	103	0
1923.73	164	0
1924.09	208	0
1925.61	227	0
1926.79	17	0
1926.82	138	0
1927.18	138	0
1927.57	21	0
1927.75	202	0
1928.14	205	0
1928.46	65	0
1928.62	19	0
1929.16	177	0
1929.62	196	0
1930.42	174	0
1930.59	222	0
1931.34	211	0
1931.50	3	0
1931.63	170	0
1931.89	17	0
1932.24	162	0
1932.28	197	0
1932.89	14	0
1933.16	188	0
1933.21	110	0
1933.24	98	0
1934.74	225	0
1934.77	17	0
1935.11	163	0
1935.87	17	0
1936.69	79	0
1937.82	3	0
1937.91	82	0
1938.07	73	0
1938.89	137	0
1938.90	105	0
1939.19	164	0
1940.80	82	0
1943.21	188	0
1943.68	218	0
1943.86	24	0
1944.54	188	0
1944.71	239	0
1944.88	205	0
1945.04	19	0
1945.54	106	0
1945.65	242	0
1946.02	17	0
1946.75	242	0
1947.78	107	0
1948.13	101	0
1948.87	80	0
1949.00	188	0
1949.64	80	0
1949.69	138	0
1949.81	201	0
1949.89	67	0
1951.31	67	0
1951.53	37	0
1952.14	98	0
1952.44	5	0
1952.64	22	0
1954.07	100	0
1955.28	201	0
1955.44	106	0
1955.52	19	0
1956.03	80	0
1957.19	164	0
1958.27	188	0
1959.41	17	0
1959.90	189	0
1960.46	67	0
1960.49	22	0
1961.10	201	0
1961.59	40	0
1962.04	197	0
1962.22	227	0
1962.44	17	0
1962.62	188	0
1963.19	188	0
1964.94	179	0
1965.14	23	0
1966.96	31	0
1967.41	90	0
1968.03	98	0
1968.52	137	0
1969.31	197	0
1970.31	83	0
1970.60	62	0
1970.86	17	0
1970.97	242	0
1971.48	0	0
1971.84	101	0
1972.07	175	0
1972.44	198	0
1972.52	227	0
1972.80	202	0
1972.82	242	0
1973.04	40	0
1973.18	17	0
1973.58	196	0
1973.64	209	0
1973.65	162	0
1973.83	74	0
1973.91	98	0
1974.93	99	0
1975.03	229	0
1975.43	53	0
1975.81	11	0
1975.85	90	0
1975.87	77	0
1977.39	8	0
1977.83	227	0
1978.56	138	0
1979.08	23	0
1979.08	17	0
1979.17	189	0
1981.07	79	0
1981.08	202	0
1981.20	90	0
1981.25	201	0
1981.52	197	0
1982.88	205	0
1984.56	17	0
1985.16	189	0
1985.54	45	0
1986.39	17	0
1987.06	122	0
1987.17	1	0
1987.26	36	0
1987.78	31	0
1988.52	196	0
1989.64	242	0
1990.26	196	0
1990.66	138	0
1992.03	49	0
1992.27	172	0
1992.85	124	0
1992.92	228	0
1993.76	33	0
1993.84	31	0
1993.90	227	0
1994.13	46	0
1994.30	5	0
1994.71	242	0
1995.08	14	0
1995.75	189	0
1996.69	114	0
1998.74	201	0
1998.95	17	0
1999.39	137	0
1999.43	208	0
1999.82	172	0
2000.64	14	0
2000.65	157	0
2002.34	17	0
2002.43	242	0
2003.17	96	0
2003.77	3	0
2003.89	96	0
2004.17	100	0
2004.20	18	0
2004.67	20	0
2005.50	186	0
2005.55	242	0
2007.32	3	0
2007.51	137	0
2008.23	90	0
2009.36	94	0
2009.48	67	0
2009.64	174	0
2010.01	197	0
2010.75	242	0
2010.86	52	0
2011.02	242	0
2011.18	112	0
2011.42	17	0
2011.52	197	0
2012.33	18	0
2014.28	228	0
2014.47	17	0
2014.70	14	0
2014.94	242	0
2015.63	1	0
2015.83	242	0
2016.60	18	0
2017.48	30	0
2017.55	3	0
2017.59	79	0
2017.78	227	0
2018.05	101	0
2018.32	52	0
2018.46	161	0
2019.03	242	0
2019.07	75	0
2020.15	36	0
2020.15	64	0
2021.00	65	0
2022.62	242	0
2023.37	226	0
2023.56	198	0
2023.63	223	0
2023.69	31	0
2024.17	96	0
2024.47	90	0
2024.63	18	0
2025.06	196	0
2026.38	242	0
2026.39	87	0
2027.36	101	0
2028.14	196	0
2028.77	101	0
2029.32	5	0
2029.52	188	0
2030.10	222	0
2030.25	112	0
2031.27	75	0
2031.42	195	0
2031.67	227	0
2032.00	47	0
2032.14	52	0
2033.07	138	0
2033.57	17	0
2033.72	17	0
2033.95	225	0
2034.74	3	0
2034.84	80	0
2035.88	3	0
2036.70	70	0
2036.79	58	0
2037.82	187	0
2038.32	197	0
2038.43	175	0
2038.77	174	0
2039.56	4	0
2040.11	17	0
2040.96	239	0
2042.08	26	0
2042.11	197	0
2042.44	138	0
2042.55	241	0
2042.90	58	0
2043.04	58	0
2044.06	50	0
2044.36	218	0
2044.45	242	0
2044.60	225	0
2047.02	100	0
2047.22	198	0
2048.39	199	0
2048.40	31	0
2048.82	31	0
2048.87	164	0
2048.91	31	0
2049.37	82	0
2049.67	242	0
2049.95	166	0
2050.34	189	0
2052.39	213	0
2052.62	5	0
2052.79	19	0
2052.86	60	0
2052.95	103	0
2053.06	3	0
2053.86	29	0
2054.00	242	0
2054.09	113	0
2054.39	242	0
2055.58	242	0
2055.63	207	0
2055.81	114	0
2056.41	105	0
2056.42	227	0
2057.82	17	0
2057.95	64	0
2058.05	3	0
2058.58	90	0
2059.98	18	0
2060.72	5	0
2062.02	208	0
2063.47	114	0
2063.63	64	0
2063.71	17	0
2063.87	189	0
2064.69	91	0
2064.87	31	0
2065.81	80	0
2065.95	3	0
2066.28	17	0
2066.86	31	0
2067.66	55	0
2068.19	162	0
2068.78	100	0
2069.16	82	0
2069.67	72	0
2070.55	31	0
2070.73	17	0
2070.81	31	0
2070.97	174	0
2071.14	31	0
2072.83	18	0
2073.13	189	0
2074.76	102	0
2074.93	227	0
2075.20	16	0
2075.62	97	0
2076.25	225	0
2076.80	198	0
2076.96	197	0
2076.99	137	0
2077.03	189	0
2077.34	198	0
2077.84	57	0
2077.93	51	0
2078.28	189	0
2078.32	23	0
2078.78	128	0
2079.01	88	0
2079.02	52	0
2079.51	105	0
2079.54	77	0
2079.94	74	0
2080.42	242	0
2080.56	201	0
2081.19	109	0
2082.18	47	0
2082.35	100	0
2083.40	110	0
2084.21	67	0
2084.49	3	0
2084.91	87	0
2085.63	109	0
2086.43	138	0
2087.23	198	0
2087.44	86	0
2087.97	33	0
2088.34	24	0
2089.03	242	0
2090.05	17	0
2090.24	17	0
2090.39	19	0
2090.56	201	0
2090.73	17	0
2090.85	77	0
2091.30	31	0
2091.77	49	0
2092.18	17	0
2093.01	8	0
2093.29	189	0
2093.34	189	0
2094.27	19	0
2094.45	14	0
2095.14	90	0
2095.92	242	0
2096.10	227	0
2096.58	188	0
2096.92	137	0
2097.71	5	0
2097.74	17	0
2098.33	78	0
2099.50	227	0
2101.06	189	0
2101.10	17	0
2101.19	196	0
2102.19	192	0
2103.96	183	0
2104.61	100	0
2104.67	242	0
2105.52	64	0
2106.44	169	0
2107.96	174	0
2108.17	18	0
2109.60	166	0
2110.37	90	0
2110.88	103	0
2111.08	47	0
2111.41	110	0
2111.44	17	0
2111.98	107	0
2112.36	205	0
2112.43	197	0
2112.69	228	0
2112.81	242	0
2114.08	189	0
2114.34	18	0
2115.13	23	0
2115.56	19	0
2115.74	137	0
2116.31	242	0
2118.27	213	0
2118.35	198	0
2118.93	71	0
2119.49	1	0
2120.02	19	0
2120.33	189	0
2120.59	67	0
2120.85	108	0
2121.19	52	0
2121.86	67	0
2121.91	3	0
2121.96	138	0
2122.09	201	0
2122.76	102	0
2123.67	31	0
2124.95	138	0
2125.61	17	0
2125.63	77	0
2127.12	17	0
2127.26	17	0
2127.26	56	0
2127.44	179	0
2128.18	103	0
2128.51	17	0
2128.97	137	0
2130.45	19	0
2131.23	94	0
2131.60	90	0
2132.28	113	0
2132.62	105	0
2133.20	17	0
2133.26	242	0
2133.58	74	0
2133.58	179	0
2133.59	90	0
2133.77	202	0
2135.05	4	0
2136.20	59	0
2136.23	113	0
2136.70	242	0
2136.76	138	0
2137.71	17	0
2137.85	19	0
2138.20	3	0
2138.80	135	0
2139.57	16	0
2139.90	90	0
2142.38	206	0
2142.85	227	0
2143.34	5	0
2143.40	18	0
2143.71	3	0
2144.69	205	0
2145.33	19	0
2145.57	242	0
2147.53	222	0
2148.11	17	0
2148.40	221	0
2148.52	22	0
2149.41	164	0
2149.46	198	0
2149.50	22	0
2150.68	242	0
2151.12	189	0
2151.31	62	0
2152.85	106	0
2154.19	64	0
2155.03	36	0
2155.07	77	0
2155.15	30	0
2155.61	194	0
2156.76	188	0
2157.12	19	0
2157.18	5	0
2157.30	75	0
2157.41	189	0
2157.91	18	0
2158.26	30	0
2159.38	39	0
2159.70	174	0
2159.80	105	0
2160.16	3	0
2160.69	189	0
2161.32	189	0
2161.88	230	0
2162.43	73	0
2163.13	52	0
2163.47	67	0
2163.53	52	0
2163.59	33	0
2164.06	138	0
2165.03	242	0
2166.59	50	0
2166.94	23	0
2168.03	177	0
2168.21	194	0
2168.88	78	0
2169.37	207	0
2169.66	188	0
2170.10	113	0
2170.20	39	0
2170.45	146	0
2170.90	197	0
2170.91	31	0
2171.41	201	0
2171.56	28	0
2172.24	197	0
2172.60	188	0
2172.96	31	0
2173.98	103	0
2174.16	138	0
2175.06	164	0
2177.23	217	0
2177.95	107	0
2178.48	195	0
2178.64	235	0
2179.20	14	0
2179.84	188	0
2180.12	208	0
2181.01	110	0
2181.62	137	0
2181.76	189	0
2181.80	207	0
2181.96	4	0
2182.03	242	0
2182.13	56	0
2182.25	3	0
2182.27	201	0
2182.78	188	0
2183.18	90	0
2183.54	188	0
2184.08	19	0
2184.15	202	0
2184.55	74	0
2185.86	0	0
2188.13	170	0
2189.13	98	0
2189.27	189	0
2189.42	189	0
2189.88	80	0
2190.19	87	0
2190.43	227	0
2190.65	197	0
2191.10	102	0
2191.50	240	0
2192.10	49	0
2192.10	80	0
2193.79	138	0
2193.89	90	0
2194.58	17	0
2195.04	80	0
2195.36	242	0
2195.51	26	0
2196.17	107	0
2196.81	202	0
2197.12	86	0
2197.73	212	0
2198.28	197	0
2198.72	73	0
2199.54	4	0
2200.06	80	0
2200.37	44	0
2200.48	49	0
2200.49	162	0
2200.79	45	0
2201.44	64	0
2201.97	62	0
2203.51	172	0
2204.99	163	0
2205.46	138	0
2205.78	90	0
2206.18	196	0
2206.19	242	0
2206.80	138	0
2207.32	189	0
2207.33	189	0
2207.73	90	0
2208.19	10	0
2209.24	33	0
2210.76	135	0
2211.37	11	0
2211.71	216	0
2212.23	19	0
2212.68	205	0
2213.19	3	0
2213.29	188	0
2213.57	51	0
2215.19	196	0
2216.13	189	0
2216.21	228	0
2216.63	31	0
2217.12	239	0
2217.20	87	0
2217.37	228	0
2217.66	108	0
2217.73	5	0
2218.47	17	0
2218.72	227	0
2219.34	201	0
2219.38	194	0
2219.47	37	0
2219.59	201	0
2220.11	228	0
2220.57	146	0
2221.00	242	0
2221.75	107	0
2221.81	138	0
2222.55	33	0
2223.98	162	0
2224.12	162	0
2224.79	3	0
2224.93	146	0
2225.15	31	0
2225.44	71	0
2225.98	67	0
2226.24	68	0
2226.69	31	0
2227.27	197	0
2228.12	110	0
2228.23	172	0
2228.31	162	0
2228.81	3	0
2229.07	68	0
2229.17	73	0
2229.75	138	0
2231.49	17	0
2231.66	8	0
2232.07	9	0
2233.33	189	0
2233.93	28	0
2234.03	105	0
2234.20	201	0
2235.05	64	0
2235.07	195	0
2235.15	17	0
2235.79	96	0
2235.88	172	0
2236.77	31	0
2236.88	205	0
2237.46	67	0
2238.20	51	0
2238.21	205	0
2239.64	189	0
2239.69	75	0
2239.78	205	0
2239.99	242	0
2241.57	233	0
2241.78	3	0
2242.38	47	0
2242.49	174	0
2242.72	225	0
2242.74	18	0
2243.18	50	0
2244.05	5	0
2244.78	19	0
2244.92	219	0
2245.34	228	0
2246.01	43	0
2246.06	242	0
2246.73	98	0
2247.56	164	0
2247.65	222	0
2247.70	227	0
2249.06	67	0
2249.24	227	0
2249.51	4	0
2250.09	12	0
2250.47	76	0
2250.92	0	0
2251.85	98	0
2252.29	224	0
2252.33	17	0
2252.90	107	0
2253.80	201	0
2253.93	218	0
2255.80	188	0
2256.62	62	0
2256.80	193	0
2256.89	174	0
2257.69	50	0
2257.75	227	0
2258.17	80	0
2258.24	242	0
2258.58	172	0
2258.86	239	0
2259.15	189	0
2259.58	202	0
2259.62	82	0
2260.51	212	0
2260.73	223	0
2262.20	189	0
2262.73	67	0
2263.11	162	0
2263.26	222	0
2263.30	0	0
2263.61	227	0
2263.72	17	0
2264.08	17	0
2264.54	137	0
2265.25	105	0
2265.29	19	0
2266.22	242	0
2266.56	202	0
2267.13	17	0
2267.28	103	0
2267.52	17	0
2267.53	17	0
2268.18	67	0
2268.31	17	0
2269.02	19	0
2269.87	164	0
2270.58	18	0
2271.10	242	0
2271.34	196	0
2273.15	138	0
2275.08	168	0
2275.46	17	0
2276.20	103	0
2276.55	166	0
2278.61	11	0
2278.78	79	0
2278.91	197	0
2279.62	242	0
2280.39	195	0
2280.80	233	0
2280.83	98	0
2281.00	188	0
2282.07	74	0
2282.14	176	0
2282.67	182	0
2282.99	67	0
2283.09	67	0
2283.24	66	0
2283.66	240	0
2283.94	0	0
2284.34	224	0
2286.07	67	0
2286.34	227	0
2286.47	225	0
2286.59	43	0
2286.87	4	0
2287.23	31	0
2288.50	170	0
2288.75	58	0
2288.82	5	0
2289.83	18	0
2290.17	31	0
2290.70	10	0
2290.90	100	0
2291.74	62	0
2292.02	198	0
2292.04	17	0
2292.33	51	0
2292.68	3	0
2292.85	227	0
2293.03	204	0
2293.19	196	0
2293.42	51	0
2293.49	172	0
2294.64	12	0
2294.90	17	0
2295.79	217	0
2296.10	79	0
2296.24	18	0
2296.80	17	0
2297.76	208	0
2297.79	33	0
2299.42	133	0
2299.47	163	0
2299.50	234	0
2299.92	105	0
2300.02	201	0
2300.49	98	0
2301.15	31	0
2301.36	31	0
2302.10	58	0
2302.26	138	0
2302.58	67	0
2302.69	207	0
2304.13	22	0
2304.41	3	0
2304.59	98	0
2305.09	202	0
2305.14	106	0
2306.98	197	0
2307.19	238	0
2307.45	4	0
2307.57	18	0
2307.83	113	0
2308.85	17	0
2309.21	88	0
2309.71	197	0
2309.75	197	0
2310.49	205	0
2311.00	17	0
2311.28	17	0
2311.31	100	0
2311.73	20	0
2311.86	137	0
2312.50	162	0
2313.60	201	0
2313.61	88	0
2314.24	188	0
2314.39	188	0
2314.52	168	0
2315.21	4	0
2315.23	39	0
2315.24	226	0
2315.32	137	0
2315.69	242	0
2315.74	242	0
2315.93	172	0
2317.66	3	0
2318.03	196	0
2318.24	52	0
2318.95	113	0
2318.98	187	0
2319.30	105	0
2319.98	5	0
2320.94	82	0
2320.99	242	0
2321.77	51	0
2322.26	197	0
2322.43	3	0
2322.66	162	0
2322.79	164	0
2323.19	61	0
2324.08	57	0
2324.18	189	0
2324.57	17	0
2325.24	172	0
2325.42	77	0
2325.47	19	0
2325.59	170	0
2326.35	63	0
2326.66	31	0
2327.31	31	0
2327.67	27	0
2328.04	65	0
2328.12	106	0
2329.18	75	0
2329.22	17	0
2331.32	235	0
2331.34	17	0
2331.76	217	0
2331.78	180	0
2332.16	5	0
2332.54	96	0
2332.58	188	0
2334.55	18	0
2334.70	197	0
2334.74	19	0
2334.94	242	0
2335.34	44	0
2335.47	196	0
2335.72	195	0
2335.90	164	0
2336.69	64	0
2337.02	106	0
2337.76	98	0
2337.87	138	0
2337.90	242	0
2338.61	55	0
2338.68	138	0
2338.87	108	0
2339.07	202	0
2339.45	213	0
2339.65	242	0
2339.71	224	0
2340.88	79	0
2341.47	100	0
2342.05	22	0
2342.37	74	0
2344.09	73	0
2344.57	33	0
2344.84	138	0
2344.97	17	0
2345.79	77	0
2345.79	106	0
2347.24	114	0
2347.72	197	0
2347.75	202	0
2348.12	17	0
2348.67	164	0
2349.14	104	0
2349.79	57	0
2349.88	17	0
2349.89	17	0
2350.02	235	0
2350.19	163	0
2350.86	33	0
2351.41	138	0
2351.71	31	0
2352.25	207	0
2354.06	31	0
2354.59	188	0
2355.11	106	0
2355.13	239	0
2355.14	83	0
2355.18	94	0
2357.19	35	0
2357.85	32	0
2358.93	242	0
2359.08	23	0
2359.44	202	0
2359.59	29	0
2359.86	87	0
2359.89	22	0
2360.11	188	0
2360.14	101	0
2360.26	77	0
2360.40	55	0
2361.33	166	0
2361.82	206	0
2361.83	17	0
2362.22	227	0
2362.45	35	0
2362.96	138	0
2363.15	197	0
2364.01	188	0
2364.47	67	0
2364.92	11	0
2365.15	57	0
2365.36	17	0
2365.42	242	0
2365.83	98	0
2365.99	138	0
2366.98	222	0
2367.02	31	0
2367.91	107	0
2368.57	67	0
2369.80	17	0
2369.97	90	0
2370.75	189	0
2371.59	200	0
2372.48	188	0
2372.59	64	0
2372.76	242	0
2373.55	0	0
2374.23	207	0
2374.50	188	0
2374.76	3	0
2374.82	189	0
2375.01	3	0
2375.80	109	0
2376.81	22	0
2376.84	197	0
2377.42	100	0
2377.62	64	0
2378.53	137	0
2378.54	5	0
2378.65	4	0
2378.69	189	0
2378.73	74	0
2379.23	9	0
2379.30	67	0
2380.09	3	0
2381.86	67	0
2382.26	114	0
2382.80	205	0
2383.28	189	0
2383.55	188	0
2383.84	227	0
2385.12	107	0
2385.47	17	0
2385.77	17	0
2387.01	52	0
2387.23	242	0
2389.00	242	0
2389.08	3	0
2389.11	80	0
2389.59	31	0
2390.57	19	0
2391.09	11	0
2392.54	16	0
2392.87	215	0
2393.04	40	0
2393.36	17	0
2393.59	107	0
2393.67	203	0
2393.74	5	0
2394.93	223	0
2397.88	73	0
2398.18	75	0
2398.64	17	0
2398.64	64	0
2398.76	189	0
2398.77	75	0
2398.88	31	0
2399.10	39	0
2401.03	242	0
2401.06	175	0
2401.10	227	0
2402.19	188	0
2403.08	52	0
2403.47	202	0
2404.44	55	0
2404.61	201	0
2405.02	67	0
2405.04	80	0
2405.48	214	0
2405.54	71	0
2407.17	17	0
2407.20	45	0
2407.26	196	0
2408.13	90	0
2409.19	5	0
2409.72	80	0
2409.83	206	0
2410.52	237	0
2410.83	208	0
2410.99	0	0
2413.86	49	0
2414.25	67	0
2414.69	188	0
2415.05	242	0
2417.20	165	0
2417.45	48	0
2418.15	242	0
2419.95	28	0
2421.54	45	0
2421.63	67	0
2421.73	227	0
2422.76	64	0
2422.90	3	0
2423.36	138	0
2423.76	38	0
2423.92	3	0
2424.99	55	0
2425.58	197	0
2426.19	18	0
2426.89	17	0
2426.92	75	0
2428.08	202	0
2429.00	137	0
2429.37	204	0
2429.60	100	0
2431.31	73	0
2431.53	3	0
2431.70	108	0
2431.97	227	0
2432.99	108	0
2433.66	107	0
2433.94	165	0
2434.21	17	0
2434.61	0	0
2434.67	242	0
2434.99	90	0
2435.24	166	0
2435.26	138	0
2435.40	107	0
2435.91	66	0
2436.19	111	0
2436.37	227	0
2436.48	31	0
2436.56	217	0
2436.64	67	0
2437.37	114	0
2437.38	188	0
2437.40	3	0
2438.09	90	0
2440.21	17	0
2440.88	1	0
2440.91	188	0
2441.63	19	0
2441.71	31	0
2441.86	113	0
2442.18	198	0
2442.94	44	0
2443.00	101	0
2443.01	50	0
2443.29	138	0
2443.48	227	0
2444.19	11	0
2444.22	11	0
2444.72	23	0
2445.04	216	0
2445.52	112	0
2446.54	17	0
2446.81	188	0
2446.83	68	0
2446.89	96	0
2447.05	228	0
2447.38	225	0
2448.10	235	0
2448.93	182	0
2448.95	39	0
2449.60	189	0
2449.63	5	0
2450.67	242	0
2450.76	85	0
2451.06	227	0
2452.37	138	0
2452.81	239	0
2453.78	138	0
2455.73	166	0
2456.19	99	0
2456.27	108	0
2456.61	197	0
2457.38	53	0
2457.44	3	0
2457.73	4	0
2457.89	4	0
2457.99	219	0
2458.58	3	0
2460.31	80	0
2460.41	52	0
2460.44	67	0
2461.24	52	0
2462.36	227	0
2462.54	188	0
2464.20	45	0
2464.51	213	0
2465.01	22	0
2465.79	64	0
2468.96	20	0
2469.44	172	0
2470.70	174	0
2470.90	3	0
2471.23	19	0
2471.24	189	0
2471.29	18	0
2471.34	75	0
2471.70	202	0
2472.15	162	0
2473.21	14	0
2473.22	23	0
2473.26	234	0
2473.48	189	0
2473.63	172	0
2474.36	240	0
2474.41	189	0
2474.91	31	0
2475.22	49	0
2475.56	40	0
2476.27	205	0
2476.89	31	0
2478.31	174	0
2478.36	77	0
2478.45	99	0
2479.48	189	0
2479.78	138	0
2482.16	67	0
2482.17	189	0
2482.41	189	0
2482.86	3	0
2482.94	138	0
2483.29	32	0
2483.54	174	0
2484.11	114	0
2484.14	242	0
2484.24	202	0
2484.56	192	0
2485.05	5	0
2485.49	162	0
2486.03	215	0
2486.07	196	0
2486.20	32	0
2486.80	96	0
2486.81	19	0
2487.13	64	0
2487.25	167	0
2487.35	90	0
2487.61	31	0
2489.30	242	0
2489.65	18	0
2489.84	4	0
2490.08	175	0
2490.77	67	0
2491.24	138	0
2491.85	17	0
2492.45	95	0
2493.62	31	0
2493.89	116	0
2494.63	138	0
2494.96	49	0
2495.00	198	0
2496.03	3	0
2496.16	49	0
2496.43	171	0
2496.49	17	0
2496.97	18	0
2497.03	67	0
2497.42	242	0
2497.56	3	0
2497.70	201	0
2498.21	45	0
2499.15	107	0
2500.29	5	0
2500.49	17	0
2501.72	242	0
2502.11	17	0
2502.72	162	0
2503.09	94	0
2503.73	108	0
2503.74	75	0
2503.95	10	0
2505.46	17	0
2505.71	87	0
2507.59	242	0
2508.05	31	0
2508.76	174	0
2509.37	242	0
2509.66	242	0
2510.12	242	0
2510.73	242	0
2511.39	17	0
2511.49	225	0
2512.31	138	0
2512.39	102	0
2513.20	8	0
2513.56	121	0
2513.76	29	0
2514.30	242	0
2514.66	162	0
2515.48	79	0
2515.51	17	0
2515.52	189	0
2515.65	82	0
2516.88	107	0
2517.17	98	0
2517.44	22	0
2518.66	14	0
2518.87	138	0
2519.47	67	0
2520.58	31	0
2521.01	138	0
2521.14	75	0
2521.76	215	0
2522.90	79	0
2522.93	4	0
2523.11	242	0
2524.96	242	0
2525.14	64	0
2525.71	18	0
2526.78	17	0
2527.01	1	0
2528.36	52	0
2528.63	189	0
2530.39	49	0
2533.07	23	0
2533.60	137	0
2533.73	51	0
2534.28	17	0
2534.33	33	0
2534.57	170	0
2534.78	138	0
2535.51	5	0
2536.30	75	0
2536.84	23	0
2536.95	31	0
2537.63	9	0
2538.60	5	0
2540.47	32	0
2540.50	172	0
2540.69	31	0
2540.70	174	0
2540.83	17	0
2541.82	106	0
2542.44	45	0
2542.70	55	0
2543.17	227	0
2544.53	242	0
2544.65	164	0
2546.43	239	0
2546.84	138	0
2547.09	31	0
2547.35	207	0
2547.79	113	0
2547.84	180	0
2548.08	138	0
2548.68	205	0
2549.07	189	0
2550.19	107	0
2550.28	3	0
2550.48	197	0
2550.68	23	0
2550.94	18	0
2551.19	200	0
2551.43	242	0
2551.54	242	0
2551.55	242	0
2552.15	10	0
2553.17	237	0
2553.51	17	0
2553.58	31	0
2554.66	242	0
2554.72	79	0
2554.94	223	0
2554.99	17	0
2555.00	64	0
2555.81	138	0
2555.83	17	0
2555.91	17	0
2556.97	101	0
2556.99	222	0
2557.47	5	0
2557.54	9	0
2557.69	186	0
2557.74	167	0
2557.86	189	0
2558.67	0	0
2558.82	101	0
2559.11	101	0
2559.45	67	0
2560.68	196	0
2560.80	242	0
2561.55	70	0
2561.58	17	0
2561.75	216	0
2561.93	90	0
2563.47	222	0
2563.78	201	0
2564.04	51	0
2564.30	242	0
2564.54	17	0
2565.23	242	0
2565.55	31	0
2565.67	0	0
2565.77	64	0
2566.05	31	0
2566.53	100	0
2567.65	195	0
2567.76	4	0
2568.43	103	0
2568.48	34	0
2568.64	111	0
2569.45	31	0
2569.54	19	0
2571.06	102	0
2571.33	101	0
2571.35	209	0
2572.32	172	0
2572.54	19	0
2572.60	174	0
2573.06	80	0
2573.48	227	0
2574.01	222	0
2574.88	213	0
2575.08	18	0
2575.17	110	0
2576.01	17	0
2576.03	23	0
2578.17	208	0
2578.19	19	0
2578.34	31	0
2578.95	52	0
2580.87	189	0
2580.91	5	0
2581.00	189	0
2582.01	31	0
2583.15	137	0
2583.57	99	0
2584.00	18	0
2584.75	113	0
2585.11	4	0
2585.41	75	0
2585.48	202	0
2585.57	189	0
2586.35	17	0
2586.89	83	0
2587.00	13	0
2587.17	3	0
2587.58	222	0
2587.81	240	0
2589.28	90	0
2589.55	242	0
2589.67	23	0
2590.10	51	0
2590.42	84	0
2590.99	215	0
2591.32	166	0
2591.58	9	0
2591.83	172	0
2591.85	90	0
2592.73	96	0
2593.58	101	0
2594.03	170	0
2594.25	87	0
2594.82	8	0
2594.95	17	0
2595.00	112	0
2595.60	40	0
2596.91	242	0
2597.10	31	0
2598.59	226	0
2598.85	113	0
2599.44	117	0
2599.62	98	0
2600.28	90	0
2600.42	5	0
2600.91	164	0
2601.24	138	0
2602.17	188	0
2603.07	90	0
2603.15	138	0
2603.34	198	0
2603.71	79	0
2604.45	236	0
2604.50	208	0
2605.11	49	0
2605.15	172	0
2606.43	114	0
2606.65	41	0
2606.71	172	0
2607.06	75	0
2609.07	3	0
2609.30	189	0
2609.39	3	0
2609.47	107	0
2609.87	242	0
2610.20	19	0
2610.34	138	0
2610.49	5	0
2611.41	189	0
2611.48	242	0
2611.61	82	0
2611.78	103	0
2612.30	4	0
2612.79	72	0
2613.04	113	0
2613.70	67	0
2614.32	197	0
2615.17	175	0
2616.09	239	0
2616.49	183	0
2617.88	18	0
2619.48	164	0
2619.73	137	0
2619.79	210	0
2620.17	239	0
2620.24	90	0
2620.69	242	0
2621.69	82	0
2622.16	0	0
2622.56	45	0
2623.02	98	0
2623.08	64	0
2624.39	242	0
2624.98	188	0
2625.76	22	0
2626.87	188	0
2627.10	17	0
2627.48	174	0
2628.54	107	0
2629.61	197	0
2629.82	37	0
2630.01	82	0
2630.04	80	0
2630.10	188	0
2630.31	3	0
2630.54	17	0
2630.58	17	0
2632.75	70	0
2633.45	1	0
2633.80	80	0
2634.24	42	0
2634.63	113	0
2634.64	18	0
2635.00	168	0
2635.60	202	0
2635.80	217	0
2636.06	202	0
2636.56	104	0
2636.82	194	0
2637.11	27	0
2638.07	17	0
2638.99	106	0
2639.21	162	0
2639.68	138	0
2639.72	33	0
2641.03	42	0
2641.03	82	0
2641.53	188	0
2641.66	96	0
2642.28	19	0
2642.95	174	0
2643.25	56	0
2643.45	137	0
2643.47	24	0
2643.84	197	0
2645.31	49	0
2645.31	197	0
2646.05	176	0
2646.24	101	0
2646.53	86	0
2647.90	201	0
2648.02	17	0
2648.39	189	0
2649.23	17	0
2650.52	216	0
2651.18	138	0
2651.40	23	0
2651.78	242	0
2651.87	17	0
2652.22	88	0
2652.46	172	0
2652.77	242	0
2653.33	188	0
2653.72	190	0
2654.88	22	0
2654.94	163	0
2655.08	242	0
2655.08	113	0
2655.10	31	0
2656.90	242	0
2657.24	90	0
2658.74	84	0
2658.89	137	0
2660.35	107	0
2660.35	101	0
2661.25	108	0
2661.49	31	0
2661.56	238	0
2661.96	38	0
2662.05	29	0
2663.10	4	0
2663.24	3	0
2663.49	209	0
2663.66	188	0
2665.51	162	0
2665.80	175	0
2667.70	188	0
2668.09	104	0
2668.45	175	0
2668.97	23	0
2669.26	242	0
2669.29	52	0
2670.79	121	0
2670.89	231	0
2670.99	50	0
2671.48	110	0
2672.10	98	0
2673.19	242	0
2673.40	89	0
2675.56	108	0
2675.57	18	0
2675.98	210	0
2676.25	107	0
2677.18	17	0
2677.68	45	0
2677.69	58	0
2677.75	53	0
2677.86	62	0
2678.24	113	0
2678.57	0	0
2679.62	189	0
2680.02	19	0
2680.34	39	0
2680.73	90	0
2681.18	138	0
2681.20	170	0
2681.48	17	0
2681.56	17	0
2682.47	19	0
2683.84	182	0
2683.86	242	0
2684.34	17	0
2685.07	31	0
2685.29	170	0
2685.49	27	0
2686.17	17	0
2688.60	228	0
2689.25	80	0
2690.85	90	0
2690.98	31	0
2691.02	98	0
2691.56	67	0
2692.01	31	0
2693.70	216	0
2694.52	83	0
2694.90	202	0
2695.37	90	0
2696.26	101	0
2696.33	17	0
2696.72	137	0
2697.10	18	0
2697.39	172	0
2698.02	137	0
2699.30	49	0
2699.65	45	0
2699.82	208	0
2699.89	64	0
2701.09	17	0
2701.09	189	0
2701.14	52	0
2701.35	74	0
2701.48	138	0
2701.86	222	0
2702.08	68	0
2702.63	189	0
2703.40	188	0
2704.89	222	0
2705.30	108	0
2706.09	192	0
2707.09	188	0
2707.11	3	0
2707.31	17	0
2707.33	162	0
2708.30	242	0
2708.46	188	0
2710.20	215	0
2710.37	226	0
2710.37	172	0
2710.80	49	0
2711.28	19	0
2711.88	242	0
2713.67	188	0
2714.40	172	0
2714.84	201	0
2715.71	138	0
2716.99	219	0
2717.36	101	0
2717.70	235	0
2718.58	189	0
2718.96	108	0
2718.99	101	0
2719.08	162	0
2719.08	109	0
2719.10	4	0
2719.62	99	0
2720.84	223	0
2720.91	86	0
2720.98	227	0
2721.23	18	0
2721.65	174	0
2721.70	64	0
2721.93	98	0
2722.66	237	0
2723.15	189	0
2723.44	31	0
2724.03	174	0
2724.31	23	0
2724.63	224	0
2725.65	67	0
2725.69	172	0
2726.24	36	0
2726.56	207	0
2726.67	41	0
2727.41	189	0
2728.03	166	0
2728.50	188	0
2728.60	66	0
2728.87	233	0
2729.11	75	0
2729.37	105	0
2729.56	55	0
2729.84	138	0
2730.06	163	0
2730.46	3	0
2731.31	222	0
2731.35	31	0
2731.59	3	0
2731.71	138	0
2731.84	66	0
2732.22	201	0
2732.90	31	0
2733.46	174	0
2733.54	17	0
2733.78	195	0
2734.00	17	0
2734.20	162	0
2734.20	239	0
2734.52	3	0
2735.37	242	0
2736.09	202	0
2736.30	31	0
2738.16	227	0
2738.80	212	0
2738.82	50	0
2739.12	17	0
2739.27	26	0
2739.50	23	0
2740.07	114	0
2740.25	3	0
2741.05	17	0
2741.09	3	0
2741.32	67	0
2741.90	113	0
2742.08	79	0
2742.31	226	0
2742.48	17	0
2742.68	113	0
2744.57	90	0
2744.78	67	0
2744.93	108	0
2744.98	86	0
2745.12	67	0
2745.47	84	0
2745.93	31	0
2746.12	161	0
2746.22	138	0
2747.14	242	0
2747.48	1	0
2748.08	227	0
2748.60	124	0
2749.62	130	0
2750.91	1	0
2751.55	195	0
2751.69	188	0
2751.74	197	0
2752.74	242	0
2753.18	17	0
2753.41	106	0
2753.68	174	0
2753.89	5	0
2754.41	67	0
2754.81	48	0
2754.93	188	0
2755.12	108	0
2755.18	64	0
2756.08	242	0
2756.45	162	0
2756.70	82	0
2757.29	228	0
2757.45	177	0
2757.56	114	0
2757.99	17	0
2758.04	31	0
2758.85	112	0
2759.16	223	0
2759.88	82	0
2760.15	202	0
2760.26	188	0
2760.33	17	0
2762.71	188	0
2763.89	169	0
2764.31	20	0
2764.79	180	0
2765.14	227	0
2765.44	31	0
2766.13	208	0
2766.26	100	0
2766.68	196	0
2767.14	187	0
2767.55	73	0
2767.70	188	0
2767.72	162	0
2768.32	219	0
2768.90	3	0
2769.06	242	0
2769.88	80	0
2770.72	17	0
2771.81	227	0
2771.97	113	0
2773.08	242	0
2773.34	49	0
2773.88	114	0
2773.90	227	0
2774.10	188	0
2774.51	5	0
2775.08	17	0
2775.33	75	0
2775.65	161	0
2778.34	4	0
2778.35	2	0
2778.38	3	0
2778.46	101	0
2779.65	138	0
2780.20	72	0
2780.51	195	0
2781.93	172	0
2782.57	51	0
2783.03	113	0
2783.45	162	0
2783.83	138	0
2783.96	197	0
2784.17	188	0
2784.40	100	0
2784.62	17	0
2785.28	191	0
2785.40	77	0
2786.41	3	0
2786.52	68	0
2787.42	79	0
2787.67	196	0
2787.81	67	0
2787.85	197	0
2788.72	242	0
2788.95	242	0
2789.56	95	0
2789.76	74	0
2790.04	30	0
2790.65	201	0
2791.06	17	0
2791.26	31	0
2791.36	4	0
2791.69	114	0
2791.72	73	0
2792.43	202	0
2792.78	17	0
2793.12	3	0
2794.73	18	0
2795.56	51	0
2796.27	22	0
2796.77	114	0
2796.91	242	0
2797.18	213	0
2798.26	174	0
2798.50	17	0
2798.71	166	0
2798.93	188	0
2798.93	112	0
2799.20	242	0
2799.21	103	0
2799.99	242	0
2800.56	112	0
2800.95	138	0
2801.35	52	0
2801.55	51	0
2801.65	42	0
2802.16	17	0
2802.50	105	0
2802.59	162	0
2802.59	188	0
2803.99	3	0
2804.79	207	0
2805.36	4	0
2805.70	96	0
2806.10	3	0
2806.36	17	0
2806.37	17	0
2806.60	189	0
2807.24	211	0
2807.49	172	0
2807.58	98	0
2807.95	138	0
2808.01	67	0
2808.06	51	0
2808.31	5	0
2809.38	68	0
2809.45	227	0
2811.66	242	0
2813.29	31	0
2813.82	174	0
2813.89	107	0
2814.80	31	0
2816.05	4	0
2816.25	187	0
2816.46	80	0
2817.59	174	0
2817.76	137	0
2819.51	108	0
2820.40	197	0
2820.52	188	0
2820.54	113	0
2820.63	93	0
2820.80	202	0
2821.29	196	0
2821.55	177	0
2822.31	138	0
2822.66	100	0
2822.67	138	0
2822.96	242	0
2824.13	103	0
2824.60	137	0
2825.00	105	0
2825.91	174	0
2826.71	64	0
2828.20	207	0
2828.23	75	0
2828.27	31	0
2828.76	113	0
2828.96	22	0
2829.40	242	0
2829.63	101	0
2829.78	101	0
2830.44	103	0
2831.41	192	0
2831.47	202	0
2831.75	169	0
2832.67	189	0
2832.74	73	0
2832.87	242	0
2832.91	44	0
2833.32	0	0
2833.38	3	0
2834.28	4	0
2835.21	227	0
2835.51	4	0
2836.70	103	0
2837.57	164	0
2837.59	49	0
2837.69	227	0
2838.97	225	0
2839.42	18	0
2839.94	17	0
2840.22	113	0
2840.81	73	0
2840.89	31	0
2842.33	53	0
2842.49	5	0
2843.17	82	0
2843.28	82	0
2843.58	43	0
2843.83	196	0
2843.83	105	0
2844.36	113	0
2844.49	138	0
2844.90	3	0
2844.94	202	0
2845.38	17	0
2845.41	242	0
2846.11	57	0
2846.64	172	0
2846.96	213	0
2847.56	57	0
2848.23	3	0
2848.91	114	0
2849.95	90	0
2851.00	178	0
2851.72	189	0
2852.96	31	0
2853.26	242	0
2855.75	227	0
2856.13	0	0
2856.16	48	0
2856.31	203	0
2858.81	17	0
2861.34	17	0
2862.11	17	0
2862.21	76	0
2862.52	18	0
2863.06	92	0
2863.79	205	0
2864.89	80	0
2865.23	228	0
2865.62	30	0
2866.61	242	0
2866.99	196	0
2867.50	205	0
2867.86	17	0
2869.74	189	0
2870.72	62	0
2871.87	103	0
2872.24	107	0
2872.24	73	0
2872.28	67	0
2872.32	208	0
2872.66	100	0
2876.56	3	0
2876.79	194	0
2877.15	169	0
2877.58	82	0
2878.05	22	0
2878.34	15	0
2879.01	242	0
2879.41	30	0
2880.07	189	0
2880.20	172	0
2881.56	189	0
2881.97	138	0
2882.52	45	0
2882.97	189	0
2883.01	108	0
2883.09	202	0
2883.90	242	0
2884.27	31	0
2884.37	242	0
2885.21	242	0
2885.52	3	0
2885.64	31	0
2886.00	188	0
2886.20	17	0
2886.65	242	0
2886.89	225	0
2887.06	5	0
2887.23	242	0
2887.86	75	0
2887.90	59	0
2888.59	166	0
2888.63	101	0
2888.64	80	0
2888.85	189	0
2888.96	5	0
2889.32	36	0
2889.56	45	0
2890.74	4	0
2891.43	31	0
2892.59	23	0
2892.84	177	0
2893.15	64	0
2893.16	188	0
2893.22	88	0
2893.34	31	0
2893.60	19	0
2893.73	90	0
2893.82	195	0
2895.30	204	0
2895.57	242	0
2896.27	92	0
2896.40	138	0
2896.64	17	0
2897.19	5	0
2898.46	17	0
2898.76	106	0
2899.13	5	0
2899.91	82	0
2900.20	107	0
2900.93	67	0
2901.18	162	0
2901.35	4	0
2902.51	114	0
2903.22	75	0
2905.13	5	0
2905.91	55	0
2906.30	242	0
2906.87	17	0
2907.15	8	0
2908.01	18	0
2908.90	189	0
2910.58	188	0
2911.26	75	0
2911.69	75	0
2911.80	67	0
2913.12	18	0
2913.90	105	0
2914.08	108	0
2914.20	227	0
2918.10	174	0
2918.91	17	0
2919.05	17	0
2919.69	196	0
2919.91	204	0
2921.30	205	0
2921.56	22	0
2922.73	138	0
2922.96	189	0
2923.84	138	0
2923.85	17	0
2924.29	226	0
2924.60	58	0
2924.62	189	0
2924.87	90	0
2925.46	17	0
2925.65	15	0
2926.36	1	0
2926.88	75	0
2927.15	138	0
2927.59	172	0
2927.84	39	0
2928.30	107	0
2928.56	174	0
2928.70	33	0
2931.45	87	0
2931.52	106	0
2931.90	80	0
2933.00	174	0
2933.65	188	0
2934.00	53	0
2934.49	242	0
2935.40	201	0
2936.02	242	0
2936.58	70	0
2937.24	5	0
2937.27	175	0
2937.92	18	0
2938.54	166	0
2939.04	51	0
2939.29	17	0
2939.32	80	0
2939.90	203	0
2940.29	175	0
2940.55	198	0
2940.75	52	0
2941.27	216	0
2941.31	17	0
2941.52	36	0
2942.64	96	0
2943.57	98	0
2943.76	227	0
2944.64	79	0
2945.17	66	0
2945.18	216	0
2945.37	17	0
2946.05	189	0
2946.34	31	0
2946.46	242	0
2946.49	17	0
2946.57	242	0
2946.72	17	0
2947.43	242	0
2948.19	226	0
2948.59	19	0
2948.93	31	0
2949.56	90	0
2949.69	181	0
2949.89	164	0
2950.02	205	0
2950.53	204	0
2950.62	162	0
2951.12	215	0
2951.67	242	0
2952.45	5	0
2954.51	69	0
2954.95	13	0
2955.92	138	0
2955.96	102	0
2956.29	204	0
2956.73	74	0
2957.37	138	0
2958.80	138	0
2959.11	6	0
2959.21	227	0
2959.82	108	0
2960.12	238	0
2960.81	3	0
2961.17	115	0
2961.55	138	0
2962.25	218	0
2962.75	2	0
2963.07	79	0
2963.31	242	0
2963.38	20	0
2965.45	4	0
2965.58	105	0
2966.64	31	0
2967.25	76	0
2967.84	190	0
2968.67	67	0
2969.10	17	0
2969.22	3	0
2970.15	227	0
2970.37	216	0
2970.77	80	0
2970.95	198	0
2971.41	80	0
2971.64	137	0
2972.05	11	0
2972.60	105	0
2973.00	100	0
2973.40	242	0
2973.67	31	0
2974.09	52	0
2974.47	195	0
2975.00	84	0
2977.46	34	0
2978.11	189	0
2978.14	138	0
2978.40	19	0
2978.97	75	0
2978.99	84	0
2979.54	214	0
2980.08	17	0
2981.05	146	0
2981.72	240	0
2982.25	5	0
2982.83	215	0
2983.27	17	0
2985.03	9	0
2985.21	242	0
2985.86	4	0
2985.94	201	0
2986.49	169	0
2987.13	26	0
2987.43	114	0
2987.59	49	0
2987.67	3	0
2987.70	198	0
2989.67	31	0
2990.91	18	0
2990.92	3	0
2991.43	55	0
2992.54	39	0
2992.69	171	0
2994.02	236	0
2995.22	107	0
2996.87	225	0
2996.94	205	0
2997.44	102	0
2997.59	188	0
2997.83	175	0
2997.95	58	0
2998.28	228	0
2999.84	232	0
3000.01	19	0
3000.43	225	0
3001.11	4	0
3001.54	75	0
3002.20	222	0
3002.56	205	0
3003.83	235	0
3004.65	98	0
3005.46	73	0
3005.50	100	0
3006.06	17	0
3006.96	242	0
3007.46	75	0
3007.90	231	0
3008.60	107	0
3009.55	214	0
3010.01	55	0
3010.20	242	0
3010.40	78	0
3010.66	205	0
3010.91	17	0
3011.01	138	0
3011.76	242	0
3013.35	228	0
3014.20	195	0
3015.69	110	0
3015.76	31	0
3015.98	95	0
3016.01	67	0
3016.16	82	0
3016.34	80	0
3016.45	3	0
3016.56	10	0
3016.86	55	0
3017.57	90	0
3018.25	192	0
3018.28	4	0
3018.72	75	0
3018.81	205	0
3019.29	101	0
3019.63	164	0
3019.91	227	0
3019.94	80	0
3020.93	169	0
3020.97	1	0
3021.20	49	0
3021.24	38	0
3021.96	31	0
3022.00	113	0
3022.16	31	0
3022.22	227	0
3024.48	17	0
3024.89	201	0
3025.50	205	0
3026.04	84	0
3026.09	3	0
3026.29	186	0
3027.13	17	0
3027.55	66	0
3027.68	225	0
3028.93	4	0
3029.09	98	0
3029.46	33	0
3030.09	60	0
3032.16	162	0
3032.44	106	0
3032.98	3	0
3033.07	64	0
3035.50	201	0
3035.84	108	0
3037.39	43	0
3037.81	67	0
3038.11	17	0
3038.15	64	0
3039.83	169	0
3040.51	106	0
3040.73	17	0
3041.45	242	0
3042.06	242	0
3042.47	205	0
3042.74	242	0
3043.12	55	0
3043.42	10	0
3044.32	19	0
3045.89	205	0
3046.41	17	0
3046.45	84	0
3047.17	101	0
3047.45	162	0
3047.65	19	0
3048.31	90	0
3048.33	138	0
3048.86	17	0
3048.92	3	0
3049.08	242	0
3050.78	80	0
3051.40	3	0
3051.59	96	0
3051.69	98	0
3052.06	90	0
3052.64	111	0
3052.86	206	0
3052.92	19	0
3053.45	242	0
3053.51	138	0
3054.26	17	0
3056.24	25	0
3057.62	80	0
3058.23	17	0
3058.42	114	0
3059.63	162	0
3059.92	0	0
3060.21	79	0
3060.80	195	0
3061.65	197	0
3062.43	90	0
3063.18	225	0
3064.23	18	0
3064.56	36	0
3065.31	225	0
3065.33	225	0
3065.89	227	0
3066.01	22	0
3067.28	188	0
3067.42	227	0
3068.48	82	0
3069.89	138	0
3070.18	196	0
3071.67	80	0
3072.39	205	0
3072.42	241	0
3073.29	108	0
3073.41	223	0
3074.38	51	0
3074.95	198	0
3075.46	161	0
3075.48	32	0
3075.56	96	0
3076.06	189	0
3076.20	90	0
3076.57	174	0
3077.26	31	0
3077.43	45	0
3077.46	166	0
3077.93	48	0
3078.44	101	0
3079.30	5	0
3080.09	80	0
3080.18	52	0
3080.83	56	0
3080.86	204	0
3081.00	80	0
3081.14	64	0
3081.94	198	0
3082.08	96	0
3082.28	5	0
3082.28	166	0
3082.53	171	0
3082.67	75	0
3084.08	7	0
3084.79	3	0
3085.57	44	0
3086.35	107	0
3086.81	180	0
3087.21	62	0
3087.48	102	0
3087.75	31	0
3089.68	29	0
3089.82	188	0
3090.06	68	0
3090.12	67	0
3091.53	174	0
3091.64	73	0
3091.95	242	0
3094.18	0	0
3094.39	230	0
3094.49	19	0
3094.51	74	0
3094.51	138	0
3095.13	22	0
3095.30	31	0
3095.53	161	0
3096.08	67	0
3096.86	64	0
3097.65	107	0
3098.56	80	0
3098.57	138	0
3098.72	8	0
3099.15	194	0
3099.16	227	0
3099.32	177	0
3099.51	17	0
3100.73	33	0
3100.94	80	0
3101.03	8	0
3101.73	3	0
3102.85	242	0
3102.96	137	0
3103.05	227	0
3103.39	169	0
3103.77	22	0
3104.43	71	0
3104.79	205	0
3105.31	226	0
3105.54	31	0
3105.80	31	0
3106.52	162	0
3106.62	45	0
3106.97	138	0
3107.09	70	0
3107.15	52	0
3107.37	112	0
3107.55	161	0
3107.71	188	0
3108.64	227	0
3109.54	39	0
3110.08	65	0
3110.74	242	0
3110.86	17	0
3111.44	219	0
3111.48	108	0
3111.97	5	0
3112.11	242	0
3113.73	180	0
3113.80	62	0
3114.68	170	0
3115.23	8	0
3115.78	196	0
3115.96	62	0
3116.18	90	0
3116.43	208	0
3116.63	64	0
3120.26	26	0
3120.63	242	0
3120.86	66	0
3121.42	201	0
3121.48	112	0
3121.49	102	0
3122.61	19	0
3123.00	52	0
3123.35	174	0
3123.43	101	0
3123.67	17	0
3124.50	36	0
3124.68	186	0
3124.82	3	0
3125.23	31	0
3125.24	242	0
3125.39	165	0
3125.84	80	0
3126.18	113	0
3126.29	241	0
3126.33	17	0
3127.58	98	0
3127.79	163	0
3128.51	31	0
3129.67	75	0
3130.28	113	0
3130.83	112	0
3131.55	174	0
3131.98	191	0
3132.22	9	0
3134.06	197	0
3134.35	45	0
3134.64	17	0
3134.73	98	0
3137.51	242	0
3137.96	90	0
3138.49	227	0
3139.34	31	0
3139.61	205	0
3140.38	105	0
3140.63	96	0
3141.10	3	0
3142.55	31	0
3143.22	22	0
3143.23	220	0
3143.31	172	0
3143.42	17	0
3143.94	113	0
3144.36	113	0
3144.75	17	0
3145.62	188	0
3145.82	102	0
3146.87	90	0
3147.57	18	0
3147.63	3	0
3147.66	3	0
3147.91	242	0
3147.96	242	0
3148.86	137	0
3149.20	188	0
3149.50	38	0
3150.63	31	0
3151.91	27	0
3153.06	242	0
3153.78	227	0
3155.18	91	0
3156.23	24	0
3157.13	242	0
3157.63	237	0
3158.08	23	0
3158.16	198	0
3158.22	18	0
3158.40	242	0
3159.41	31	0
3159.79	77	0
3160.12	0	0
3160.55	9	0
3160.69	22	0
3161.47	189	0
3161.54	242	0
3163.07	194	0
3163.75	58	0
3164.04	3	0
3164.39	162	0
3164.72	182	0
3165.64	174	0
3165.65	196	0
3165.69	72	0
3165.80	227	0
3165.82	208	0
3165.91	17	0
3167.16	113	0
3168.08	218	0
3168.21	135	0
3168.76	205	0
3168.87	50	0
3169.67	76	0
3170.02	222	0
3171.05	103	0
3172.32	92	0
3172.32	242	0
3173.53	31	0
3173.53	242	0
3173.92	242	0
3174.45	189	0
3175.45	31	0
3176.18	51	0
3176.26	55	0
3176.64	3	0
3179.08	162	0
3179.81	96	0
3179.99	103	0
3180.90	177	0
3181.50	103	0
3182.85	197	0
3183.58	31	0
3183.64	172	0
3185.23	166	0
3185.66	219	0
3186.00	3	0
3187.03	31	0
3187.13	172	0
3187.48	164	0
3189.52	211	0
3189.60	5	0
3189.65	100	0
3189.72	17	0
3190.11	138	0
3190.23	188	0
3190.46	189	0
3191.26	169	0
3191.69	170	0
3192.67	189	0
3193.34	22	0
3193.58	90	0
3193.61	205	0
3193.82	67	0
3194.25	189	0
3194.84	3	0
3195.65	102	0
3196.38	220	0
3196.42	113	0
3196.78	39	0
3197.68	209	0
3197.99	83	0
3198.14	79	0
3198.55	242	0
3198.58	162	0
3199.12	67	0
3199.33	90	0
3199.81	0	0
3200.08	3	0
3200.78	174	0
3201.15	20	0
3201.76	188	0
3202.79	18	0
3203.02	189	0
3204.15	189	0
3205.06	18	0
3205.60	189	0
3205.62	102	0
3206.24	19	0
3206.26	17	0
3206.49	13	0
3207.11	106	0
3207.87	33	0
3208.97	31	0
3209.17	52	0
3209.74	90	0
3210.30	106	0
3210.68	4	0
3210.98	5	0
3211.26	242	0
3211.61	17	0
3211.64	56	0
3211.64	204	0
3211.71	5	0
3211.93	171	0
3213.03	98	0
3213.40	242	0
3214.39	64	0
3214.46	189	0
3215.00	4	0
3215.08	31	0
3216.36	43	0
3217.14	221	0
3217.17	62	0
3217.60	108	0
3217.83	205	0
3218.52	3	0
3219.33	52	0
3219.68	19	0
3219.82	192	0
3220.52	138	0
3220.57	166	0
3221.92	79	0
3222.11	74	0
3222.42	188	0
3222.49	16	0
3222.81	31	0
3224.40	67	0
3224.53	58	0
3224.54	102	0
3225.15	17	0
3225.96	242	0
3226.01	31	0
3226.89	188	0
3229.66	189	0
3229.78	219	0
3230.23	107	0
3230.64	17	0
3230.66	17	0
3231.13	137	0
3231.49	242	0
3233.28	204	0
3233.48	242	0
3233.80	3	0
3234.20	109	0
3235.13	51	0
3235.64	73	0
3235.65	67	0
3235.70	188	0
3236.27	17	0
3236.65	222	0
3237.43	90	0
3238.05	205	0
3238.10	100	0
3238.14	227	0
3238.86	3	0
3239.38	5	0
3239.70	137	0
3240.51	112	0
3241.79	99	0
3243.31	138	0
3243.41	80	0
3243.66	19	0
3243.89	67	0
3244.55	205	0
3244.57	138	0
3246.01	227	0
3246.14	0	0
3247.05	198	0
3247.35	4	0
3248.38	114	0
3248.51	242	0
3248.89	96	0
3251.40	236	0
3251.46	218	0
3252.55	33	0
3252.64	31	0
3252.73	188	0
3253.22	164	0
3253.36	90	0
3253.54	189	0
3254.78	222	0
3255.01	113	0
3255.11	137	0
3255.18	242	0
3255.34	19	0
3255.69	92	0
3256.65	17	0
3256.73	4	0
3256.77	25	0
3257.36	195	0
3257.48	182	0
3257.50	5	0
3257.52	164	0
3257.82	201	0
3257.97	202	0
3258.28	31	0
3258.72	17	0
3259.17	73	0
3259.34	17	0
3259.37	52	0
3259.63	234	0
3259.89	213	0
3260.00	114	0
3260.01	17	0
3262.49	82	0
3262.56	107	0
3263.66	175	0
3264.48	29	0
3264.64	97	0
3265.59	138	0
3265.60	83	0
3266.91	36	0
3267.31	208	0
3267.67	5	0
3267.93	83	0
3268.18	100	0
3268.19	102	0
3268.48	113	0
3268.51	175	0
3269.85	31	0
3270.57	49	0
3270.73	101	0
3271.07	226	0
3271.68	18	0
3271.76	169	0
3271.78	172	0
3272.72	17	0
3272.78	204	0
3273.42	18	0
3273.65	242	0
3273.77	19	0
3274.02	30	0
3274.45	51	0
3274.74	137	0
3276.20	83	0
3276.23	76	0
3276.56	18	0
3276.71	113	0
3278.06	5	0
3278.91	23	0
3279.11	102	0
3279.18	169	0
3279.77	205	0
3280.84	17	0
3281.38	209	0
3281.57	17	0
3281.81	31	0
3282.34	138	0
3282.92	14	0
3284.34	137	0
3284.51	108	0
3285.16	188	0
3285.19	196	0
3286.18	50	0
3286.36	198	0
3286.43	166	0
3286.63	75	0
3286.81	227	0
3286.94	18	0
3287.40	201	0
3287.49	17	0
3288.00	24	0
3289.48	23	0
3290.05	67	0
3290.75	67	0
3291.69	67	0
3292.23	84	0
3292.40	45	0
3292.65	49	0
3292.84	102	0
3294.39	31	0
3294.55	17	0
3295.05	189	0
3295.97	98	0
3295.99	67	0
3296.21	201	0
3296.94	242	0
3296.95	3	0
3297.48	162	0
3297.59	17	0
3298.48	196	0
3298.60	32	0
3299.23	0	0
3299.25	5	0
3301.03	201	0
3301.03	188	0
3301.04	17	0
3301.05	106	0
3301.15	242	0
3301.26	3	0
3302.34	190	0
3302.88	113	0
3305.49	32	0
3305.71	58	0
3306.18	191	0
3307.07	105	0
3307.69	242	0
3307.79	174	0
3308.25	105	0
3308.71	197	0
3308.98	98	0
3309.72	106	0
3310.10	4	0
3310.29	90	0
3310.36	108	0
3310.91	206	0
3311.07	67	0
3311.35	17	0
3312.31	90	0
3312.57	242	0
3312.78	91	0
3312.79	5	0
3312.80	137	0
3313.22	138	0
3313.37	37	0
3313.57	4	0
3313.75	242	0
3313.78	189	0
3314.26	205	0
3314.28	227	0
3314.68	185	0
3314.92	31	0
3314.97	187	0
3315.18	172	0
3315.96	17	0
3316.01	84	0
3316.05	110	0
3316.30	52	0
3316.77	172	0
3317.80	205	0
3318.28	31	0
3318.77	189	0
3318.94	80	0
3321.52	162	0
3321.90	19	0
3322.43	242	0
3323.52	189	0
3323.79	3	0
3323.99	0	0
3325.08	39	0
3325.86	52	0
3326.44	174	0
3327.12	207	0
3327.27	189	0
3327.71	64	0
3328.39	189	0
3328.64	100	0
3330.02	137	0
3330.23	44	0
3330.69	86	0
3330.72	38	0
3330.80	31	0
3331.66	17	0
3331.71	90	0
3332.74	174	0
3332.75	43	0
3333.08	188	0
3333.93	90	0
3335.41	242	0
3335.94	188	0
3336.47	80	0
3337.36	90	0
3337.43	55	0
3337.57	94	0
3338.53	197	0
3338.76	24	0
3340.42	235	0
3340.52	19	0
3341.22	235	0
3341.29	242	0
3341.68	90	0
3341.88	138	0
3342.33	73	0
3342.53	242	0
3342.97	79	0
3342.98	29	0
3343.03	174	0
3343.47	138	0
3344.02	48	0
3344.18	227	0
3346.70	227	0
3347.47	22	0
3347.61	17	0
3348.29	227	0
3348.39	82	0
3348.56	172	0
3348.64	22	0
3350.10	101	0
3350.21	3	0
3350.57	17	0
3351.17	84	0
3351.61	174	0
3352.17	203	0
3353.33	17	0
3353.39	198	0
3353.65	137	0
3353.80	174	0
3354.31	67	0
3355.38	166	0
3356.42	64	0
3357.64	172	0
3357.87	101	0
3358.83	90	0
3359.05	197	0
3359.46	207	0
3359.63	138	0
3359.86	172	0
3359.95	201	0
3360.35	226	0
3361.10	242	0
3361.17	52	0
3362.59	101	0
3363.67	67	0
3363.75	197	0
3363.82	10	0
3363.90	110	0
3363.99	90	0
3364.47	17	0
3365.00	114	0
3365.51	208	0
3365.63	79	0
3366.11	174	0
3367.38	5	0
3367.42	206	0
3367.87	74	0
3368.11	67	0
3369.11	57	0
3369.43	111	0
3370.33	195	0
3370.88	75	0
3371.00	198	0
3371.03	87	0
3371.04	67	0
3371.34	197	0
3371.45	227	0
3371.58	51	0
3371.74	113	0
3372.69	213	0
3373.17	3	0
3373.30	19	0
3373.68	238	0
3373.78	182	0
3374.18	192	0
3374.20	19	0
3374.26	31	0
3374.69	98	0
3376.08	227	0
3376.10	188	0
3376.18	202	0
3376.96	67	0
3377.72	31	0
3377.74	67	0
3378.56	184	0
3378.67	3	0
3378.84	95	0
3378.86	169	0
3379.37	217	0
3380.34	195	0
3380.73	82	0
3380.78	174	0
3380.80	129	0
3381.74	164	0
3381.78	198	0
3382.06	84	0
3382.13	31	0
3382.51	67	0
3382.58	195	0
3382.98	49	0
3383.04	87	0
3384.97	201	0
3385.59	17	0
3385.70	31	0
3385.81	162	0
3386.04	67	0
3386.55	67	0
3387.17	113	0
3387.96	79	0
3388.07	90	0
3388.25	195	0
3388.59	242	0
3388.66	3	0
3388.78	19	0
3389.65	52	0
3389.99	48	0
3390.01	4	0
3390.68	18	0
3390.79	52	0
3390.93	45	0
3391.14	26	0
3391.60	94	0
3392.88	242	0
3393.49	227	0
3393.51	97	0
3394.51	105	0
3395.13	56	0
3395.73	17	0
3395.86	202	0
3396.59	138	0
3396.91	138	0
3396.93	3	0
3397.26	242	0
3398.26	198	0
3398.30	33	0
3398.38	191	0
3399.48	201	0
3399.63	17	0
3399.98	103	0
3401.99	49	0
3402.01	242	0
3402.16	10	0
3403.98	242	0
3404.01	194	0
3404.40	4	0
3405.14	227	0
3405.40	23	0
3405.88	197	0
3405.97	76	0
3406.77	242	0
3407.33	76	0
3407.88	4	0
3407.98	195	0
3408.06	198	0
3408.22	64	0
3408.70	17	0
3409.06	188	0
3409.27	62	0
3409.32	205	0
3409.50	9	0
3409.85	201	0
3410.17	3	0
3410.57	31	0
3411.55	194	0
3413.24	75	0
3413.25	74	0
3413.36	157	0
3415.41	73	0
3416.70	102	0
3417.11	98	0
3417.51	5	0
3417.83	138	0
3418.05	22	0
3418.93	108	0
3418.95	64	0
3419.14	39	0
3419.52	201	0
3419.59	227	0
3420.05	64	0
3420.29	189	0
3420.59	17	0
3420.82	9	0
3420.97	188	0
3421.08	45	0
3421.52	188	0
3422.12	25	0
3422.33	172	0
3422.56	240	0
3422.78	189	0
3423.60	31	0
3423.94	138	0
3424.25	201	0
3424.39	77	0
3425.37	82	0
3425.58	9	0
3426.29	113	0
3426.35	17	0
3426.67	96	0
3427.09	96	0
3428.05	94	0
3428.07	88	0
3428.31	106	0
3428.84	103	0
3429.69	98	0
3429.97	19	0
3430.49	222	0
3430.75	18	0
3431.01	228	0
3431.07	227	0
3431.32	1	0
3432.63	242	0
3432.92	175	0
3433.05	98	0
3433.43	236	0
3434.12	172	0
3434.22	202	0
3435.26	242	0
3435.27	45	0
3435.39	164	0
3435.73	181	0
3435.99	106	0
3436.04	189	0
3436.20	94	0
3436.49	67	0
3436.57	67	0
3438.21	198	0
3438.68	172	0
3439.34	105	0
3440.15	17	0
3440.15	113	0
3440.30	17	0
3441.32	208	0
3441.39	75	0
3443.62	5	0
3444.42	188	0
3444.99	13	0
3445.13	75	0
3445.24	189	0
3445.83	69	0
3445.88	242	0
3446.16	227	0
3446.55	0	0
3446.62	209	0
3447.37	49	0
3447.41	90	0
3447.83	53	0
3448.25	113	0
3448.63	138	0
3449.16	219	0
3449.43	3	0
3450.24	189	0
3451.43	137	0
3451.91	227	0
3452.37	17	0
3452.55	18	0
3452.63	4	0
3453.44	88	0
3453.58	242	0
3453.82	103	0
3454.60	240	0
3455.02	5	0
3455.62	26	0
3455.81	45	0
3457.65	201	0
3458.07	188	0
3458.56	49	0
3458.66	5	0
3458.80	189	0
3459.49	55	0
3459.90	79	0
3460.33	188	0
3460.75	195	0
3461.04	107	0
3461.96	45	0
3462.18	227	0
3463.08	108	0
3463.88	38	0
3464.05	135	0
3464.08	1	0
3465.14	33	0
3465.64	23	0
3465.81	84	0
3467.39	52	0
3467.76	31	0
3468.11	188	0
3468.74	108	0
3470.05	227	0
3470.65	31	0
3471.23	80	0
3471.43	197	0
3471.63	30	0
3471.79	105	0
3472.41	172	0
3472.47	31	0
3472.48	90	0
3472.83	52	0
3473.56	31	0
3474.39	31	0
3475.53	31	0
3475.66	5	0
3476.23	80	0
3476.34	18	0
3476.64	51	0
3476.67	67	0
3476.85	202	0
3478.20	242	0
3478.64	75	0
3479.74	49	0
3479.91	33	0
3480.65	102	0
3480.86	5	0
3480.90	14	0
3481.16	186	0
3481.29	4	0
3481.93	52	0
3482.50	113	0
3483.02	242	0
3483.09	204	0
3483.96	188	0
3484.92	242	0
3485.32	201	0
3485.47	189	0
3486.76	18	0
3487.51	138	0
3487.78	45	0
3487.85	75	0
3488.01	207	0
3489.18	227	0
3489.38	102	0
3490.58	242	0
3490.73	135	0
3491.46	180	0
3491.78	216	0
3491.78	205	0
3492.22	208	0
3492.42	17	0
3492.48	201	0
3492.86	67	0
3492.87	188	0
3493.58	197	0
3493.60	188	0
3493.72	201	0
3494.12	175	0
3494.24	208	0
3494.60	242	0
3496.29	67	0
3496.39	138	0
3496.58	4	0
3498.42	201	0
3499.52	75	0
3499.56	80	0
3499.61	101	0
3500.47	137	0
3501.57	96	0
3502.21	3	0
3502.79	201	0
3502.97	196	0
3503.00	6	0
3503.45	79	0
3504.53	201	0
3505.08	189	0
3505.45	83	0
3505.61	138	0
3506.50	3	0
3506.73	75	0
3506.77	110	0
3506.83	47	0
3507.83	242	0
3508.05	17	0
3508.25	0	0
3508.51	88	0
3509.70	187	0
3509.92	2	0
3511.70	203	0
3511.79	242	0
3512.09	164	0
3512.21	197	0
3512.52	90	0
3512.57	242	0
3513.87	189	0
3514.03	67	0
3514.08	25	0
3514.77	226	0
3515.95	198	0
3516.44	174	0
3517.05	75	0
3518.26	88	0
3518.72	67	0
3518.93	235	0
3518.97	39	0
3519.19	138	0
3520.17	31	0
3521.82	17	0
3522.43	42	0
3524.44	232	0
3525.85	205	0
3526.52	171	0
3527.56	31	0
3527.83	227	0
3528.39	167	0
3528.76	74	0
3529.07	66	0
3529.27	138	0
3529.39	35	0
3529.64	189	0
3530.34	21	0
3530.46	205	0
3530.57	36	0
3530.75	75	0
3530.82	205	0
3531.91	204	0
3532.38	45	0
3532.87	74	0
3532.91	0	0
3533.02	52	0
3533.42	107	0
3533.54	17	0
3533.93	188	0
3535.52	64	0
3535.73	199	0
3535.95	133	0
3536.07	219	0
3537.08	228	0
3537.14	228	0
3537.62	233	0
3537.88	242	0
3538.41	55	0
3538.82	227	0
3539.18	227	0
3539.65	79	0
3539.90	100	0
3541.02	75	0
3541.07	5	0
3541.17	242	0
3541.75	138	0
3542.03	82	0
3542.30	4	0
3543.02	196	0
3543.94	38	0
3544.36	211	0
3545.00	137	0
3546.01	17	0
3546.60	5	0
3546.97	39	0
3547.39	3	0
3547.40	220	0
3547.57	197	0
3547.96	6	0
3548.06	98	0
3548.48	45	0
3548.86	106	0
3549.31	106	0
3550.16	107	0
3550.42	82	0
3551.89	228	0
3552.15	88	0
3552.20	164	0
3553.47	5	0
3555.26	113	0
3556.43	75	0
3556.83	79	0
3557.69	84	0
3558.34	242	0
3558.52	138	0
3558.86	0	0
3559.80	3	0
3559.82	67	0
3560.59	4	0
3561.01	111	0
3561.39	196	0
3562.70	207	0
3563.17	242	0
3563.25	114	0
3564.16	19	0
3564.70	31	0
3565.01	0	0
3565.48	41	0
3565.79	23	0
3566.04	242	0
3566.23	98	0
3567.08	188	0
3567.69	189	0
3568.03	75	0
3568.87	172	0
3568.90	18	0
3569.76	18	0
3570.68	20	0
3570.77	196	0
3571.18	55	0
3571.86	58	0
3572.48	205	0
3572.72	54	0
3573.56	241	0
3573.77	201	0
3573.77	242	0
3573.78	198	0
3573.83	73	0
3573.91	201	0
3574.74	18	0
3574.82	242	0
3574.89	75	0
3575.58	82	0
3575.71	64	0
3576.52	174	0
3577.90	242	0
3578.01	18	0
3579.00	201	0
3579.11	138	0
3579.36	201	0
3579.62	227	0
3579.69	30	0
3580.11	189	0
3580.36	80	0
3580.38	0	0
3581.08	17	0
3582.24	19	0
3582.55	110	0
3583.67	108	0
3583.93	31	0
3584.19	207	0
3584.40	191	0
3584.55	50	0
3584.73	99	0
3585.02	101	0
3585.04	119	0
3585.72	113	0
3585.74	49	0
3585.76	45	0
3585.92	19	0
3586.02	197	0
3587.06	242	0
3587.19	19	0
3588.61	242	0
3588.65	208	0
3588.74	18	0
3588.99	3	0
3589.34	31	0
3589.57	188	0
3590.17	64	0
3590.17	19	0
3590.25	188	0
3590.31	105	0
3591.11	182	0
3591.46	196	0
3591.81	67	0
3592.27	5	0
3592.52	137	0
3592.70	0	0
3592.84	37	0
3593.54	240	0
3594.19	73	0
3594.27	19	0
3595.90	56	0
3595.94	138	0
3596.01	4	0
3596.66	35	0
3597.65	178	0
3597.94	90	0
3598.10	17	0
3599.86	242	0
3599.90	31	0
