3.08296070348857
10.9568952791886
17.6881894481503
38.5446878442139
50.3171351112657
71.7192215683443
79.1747246973324
81.4393533684413
82.9063418255638
84.6234062736599
88.8661926187788
110.960898038609
131.759568893003
160.320946914971
183.780859518092
213.682376228988
218.747627265642
221.525950504874
228.727512690634
254.616333352192
258.513074126111
266.336341030172
278.217119724756
284.870037172992
305.450637553664
308.866653154304
322.718177877536
333.703702956605
359.515886832242
359.93364685776
377.284342435693
378.772257200432
379.624097261867
386.545738931
390.7050762967
400.893410934086
411.586577952072
415.282751907117
415.303318168927
415.651313335592
416.304986008904
427.412843086606
442.42584435856
453.10641592176
479.002365551422
514.719623985189
519.768964084104
531.805857468105
535.691814692134
537.527990075562
554.945352485268
560.203540074992
577.667221849617
588.23493116
597.70278102154
599.335452007854
609.083455927651
609.966919354234
616.764923445046
650.933140254298
655.596066836153
663.41844060978
665.648733093607
701.748114419837
721.837893846055
727.688034790819
749.923506611079
756.578501166218
756.93062538507
778.739937159623
787.209812255965
793.693546586427
797.058585648365
797.799489738328
799.072862236906
803.044779477574
833.687709257273
843.291750274185
857.863426130158
861.377543462296
871.542228126598
876.367443971863
891.046390711158
894.878028657937
901.335035250647
920.970894244164
928.12083493083
930.229560618712
948.387130786168
951.11511388187
961.558505965714
987.120438441494
1006.30444323849
1017.76790623747
1042.52385386777
1042.63351341939
1055.28440765867
1070.56885476393
1076.88705333155
1081.91798414799
1088.17837643814
1089.29809123474
1105.28943885991
1106.58616999575
1109.18943735946
1113.98697672685
1126.56761312834
1127.62247151381
1142.05650359415
1161.52695233322
1176.91951585352
1180.08713509923
1193.08098563599
1202.18257916583
1233.09184901726
1233.27720108054
1250.84671247137
1260.79817893169
1261.81551155818
1264.40643482693
1266.42783403498
1268.4142134413
1274.56837888603
1276.08902347175
1279.20810528952
1279.37452252346
1293.49071714427
1294.99774250535
1296.65177752686
1307.31253550146
1310.17905649692
1321.3720044717
1332.59052846264
1336.19236084604
1351.21232074198
1382.47240289326
1391.43198243736
1391.55581598685
1397.62765316288
1409.72868244246
1409.8511547893
1426.26674075181
1435.11266909828
1445.45897556422
1456.68452905085
1462.04036323341
1474.82715172198
1475.82516104279
1483.04713299574
1501.91531285874
1503.75821871076
1503.95828581791
1507.18854479978
1511.61765964359
1523.28567107369
1530.30084149342
1534.77232811612
1557.74123356062
1561.83945021309
1580.99292677851
1586.715670777
1593.24456307209
1602.42172214609
1605.77288114537
1605.99325965969
1606.08251617893
1615.1618391625
1641.30573356218
1642.39074633932
1642.74878681155
1643.80086645125
1643.85743970295
1647.27982477466
1652.49520131117
1657.24896053711
1678.14590064212
1688.55183042809
1691.17090196316
1693.52873830378
1698.17139971525
1698.99061978084
1712.54041223852
1727.07325678658
1739.22026932749
1745.52203843567
1748.49058674788
1756.35385652136
1785.54078169957
1787.16415329442
1793.19194254438
1845.85220358139
1848.81658688573
1871.71649573111
1888.94970167295
1926.07258699423
1949.44490874051
1949.65485536376
1981.13110711876
2012.47292055074
2014.19738003557
2016.30874646964
2025.91784041458
2035.60274355866
2045.88266527613
2049.15025018547
2052.39570985354
2058.56912231896
2070.35037065106
2088.44599752192
2101.24035576513
2112.57697217913
2142.88898870642
2148.99041283378
2163.58773873368
2169.20526302487
2193.33924051668
2198.25480718169
2221.23268071057
2230.46151826385
2233.74504434617
2234.4073973581
2239.87697702509
2240.80505671135
2246.41049123852
2255.53940509418
2263.97237433175
2302.46799543549
2333.23619035329
2340.78397375564
2348.92872004469
2353.64564807188
2384.38213965903
2385.30449224145
2395.11175373588
2404.07441848605
2411.27120824128
2419.3019519778
2423.08292077208
2426.3941810668
2444.11895020127
2449.91273132784
2452.83814180684
2461.020291590231
2470.00888799406
2510.30741452275
2513.19906288531
2515.62447868775
2520.34333633269
2524.62340064956
2538.87653071559
2544.90666133732
2546.36013978164
2556.43352850961
2563.09692008234
2580.95227423452
2613.4043421439
2616.21142464633
2617.77346492399
2619.00267739967
2625.12542275294
2634.80089991608
2638.25705564995
2639.66348997989
2644.18720055727
2654.38700635276
2654.94402216838
2656.81541661671
2666.67836823095
2668.96150556478
2675.10436070317
2680.37282558163
2718.4026816807
2730.49792649197
2736.25940282967
2751.51424529076
2757.89727780486
2766.32033208215
2777.15747077703
2793.52734315276
2794.66096980716
2815.49592442428
2819.09621229552
2821.97588138984
2846.07644250824
2867.74063492522
2869.52471990341
2880.31606518481
2885.95390175748
2887.28481747917
2887.55541859223
2896.23624933577
2904.05756575912
2910.59824796912
2915.07197817449
2917.42647051818
2935.86606440273
2938.96735095718
2940.35171162955
2952.50020813112
2954.4132391159
2956.05665470054
2979.99447831158
2984.2972483184
3010.1139922842
3014.41325579525
3018.4258281896
3036.86815137872
3037.75837996421
3056.04050942127
3060.47421991864
3064.70406850422
3068.59860529831
3076.39022431189
3095.31086554608
3105.14971382135
3108.51605504059
3113.59271935293
3133.68058074442
3135.6600641529
3137.42028804375
3142.00684161888
3144.39843485381
3147.32767225251
3173.38865688462
3182.48910271599
3184.25929931471
3193.01400437249
3209.43658948019
3221.53800827441
3222.7452298156
3222.957411081
3224.90182981275
3230.8228329831
3243.74174517325
3244.43418628055
3268.37942999837
3303.22755750892
3307.37879411607
3308.66460551197
3311.10430903087
3324.1807117181
3329.79191181758
3341.97744315178
3360.28878988848
3375.0858327646
3377.23281478601
3377.39981301242
3386.02952900997
3393.18045476443
3400.16805817023
3415.53488795851
3450.88760974932
3458.17583756582
3460.18088556261
3474.97827757226
3483.78306780134
3495.81714694816
3503.44436535268
3531.83254137409
3536.15982094323
3553.56782719667
3565.77912314878
3590.2137795679
3593.48617604733
3595.81540326754
